[[1]]
[1] 199 287 196 192 151 176 178 180

[[2]]
[1] 199 287 291 294 188 190 220 180

[[3]]
[1] 199 287 196 296 150 152 176 178 180

[[4]]
[1] 199 287 196 192 294 188 190 220 180

[[5]]
[1] 199 287 196 192 151 188 190 220 180

[[6]]
[1] 199 287 196 192 151 176 178 182 180

[[7]]
[1] 199 195 196 192 151 176 178 180

[[8]]
[1] 199 287 196 296 294 188 190 220 180

[[9]]
[1] 199 287 291 294 188 190 178 180

[[10]]
[1] 199 287 291 294 188 189 190 220 180

[[11]]
[1] 199 287 196 192 294 188 190 178 180

[[12]]
 [1] 199 287 196 192 294 188 189 190 220 180

[[13]]
[1] 199 287 196 192 151 176 178 265 180

[[14]]
[1] 199 287 196 296 151 176 178 180

[[15]]
[1] 199 287 196 192 151 188 190 178 180

[[16]]
 [1] 199 287 196 192 151 188 189 190 220 180

[[17]]
[1] 199 195 290 294 188 190 220 180

[[18]]
[1] 199 287 196 296 192 151 176 178 180

[[19]]
[1] 199 287 291 294 188 190 220 265 180

[[20]]
[1] 199 287 291 294 188 190 220 182 180

[[21]]
[1] 199 287 196 192 151 176 178 220 180

[[22]]
[1] 199 287 196 192 151 176 178 179 180

[[23]]
 [1] 199 287 196 192 151 176 178 182 265 180

[[24]]
 [1] 199 287 196 192 294 188 190 220 265 180

[[25]]
 [1] 199 287 196 192 294 188 190 220 182 180

[[26]]
 [1] 199 287 196 296 150 152 176 178 182 180

[[27]]
[1] 199 287 196 296 294 188 190 178 180

[[28]]
[1] 199 287 291 294 188 190 220 179 180

[[29]]
 [1] 199 287 196 296 294 188 189 190 220 180

[[30]]
[1] 199 287 291 294 188 189 190 178 180

[[31]]
 [1] 199 287 196 192 151 188 190 220 265 180

[[32]]
 [1] 199 287 196 192 151 188 190 220 182 180

[[33]]
 [1] 199 287 196 192 294 188 190 220 179 180

[[34]]
[1] 199 195 196 296 150 152 176 178 180

[[35]]
 [1] 199 287 196 192 294 188 189 190 178 180

[[36]]
[1] 199 195 196 192 294 188 190 220 180

[[37]]
 [1] 199 287 196 192 151 188 190 220 179 180

[[38]]
 [1] 199 287 196 192 151 188 189 190 178 180

[[39]]
 [1] 199 287 196 192 151 176 178 182 220 180

[[40]]
 [1] 199 287 196 296 294 188 190 220 265 180

[[41]]
 [1] 199 287 196 296 294 188 190 220 182 180

[[42]]
 [1] 199 287 196 192 151 176 178 265 182 180

[[43]]
[1] 199 195 196 192 151 188 190 220 180

[[44]]
[1] 199 195 290 294 188 190 178 180

[[45]]
 [1] 199 287 196 296 150 152 176 178 265 180

[[46]]
[1] 199 195 290 294 188 189 190 220 180

[[47]]
[1] 199 195 196 192 151 176 178 182 180

[[48]]
 [1] 199 287 291 294 188 189 190 220 265 180

[[49]]
 [1] 199 287 291 294 188 189 190 220 182 180

[[50]]
[1] 199 287 291 294 188 190 178 182 180

[[51]]
 [1] 199 287 196 192 151 176 178 182 179 180

[[52]]
 [1] 199 287 196 296 294 188 190 220 179 180

[[53]]
 [1] 199 287 291 294 188 190 220 265 182 180

[[54]]
 [1] 199 287 291 294 188 190 220 182 265 180

[[55]]
 [1] 199 287 196 192 294 188 189 190 220 265 180

[[56]]
 [1] 199 287 196 192 294 188 189 190 220 182 180

[[57]]
 [1] 199 287 196 192 296 150 152 176 178 180

[[58]]
 [1] 199 287 196 192 294 188 190 178 182 180

[[59]]
 [1] 199 287 196 296 294 188 189 190 178 180

[[60]]
 [1] 199 287 196 296 150 152 176 178 220 180

[[61]]
 [1] 199 287 196 296 150 152 176 178 179 180

[[62]]
 [1] 199 287 291 294 188 189 190 220 179 180

[[63]]
 [1] 199 287 196 192 294 188 190 220 265 182 180

[[64]]
 [1] 199 287 196 192 294 188 190 220 182 265 180

[[65]]
[1] 199 287 196 296 151 188 190 220 180

[[66]]
 [1] 199 287 196 296 192 294 188 190 220 180

[[67]]
[1] 199 195 196 296 294 188 190 220 180

[[68]]
 [1] 199 287 196 296 150 152 176 178 182 265 180

[[69]]
 [1] 199 287 196 192 151 188 189 190 220 265 180

[[70]]
 [1] 199 287 196 192 151 188 189 190 220 182 180

[[71]]
[1] 199 287 196 296 151 176 178 182 180

[[72]]
 [1] 199 287 196 192 151 188 190 178 182 180

[[73]]
 [1] 199 287 196 192 294 188 189 190 220 179 180

[[74]]
[1] 199 195 290 294 188 190 220 265 180

[[75]]
[1] 199 195 290 294 188 190 220 182 180

[[76]]
 [1] 199 287 196 192 151 188 190 220 265 182 180

[[77]]
 [1] 199 287 196 192 151 188 190 220 182 265 180

[[78]]
 [1] 199 287 196 192 151 176 178 265 220 180

[[79]]
 [1] 199 287 196 296 192 151 188 190 220 180

[[80]]
 [1] 199 287 196 192 151 176 178 220 265 180

[[81]]
 [1] 199 287 196 192 151 176 178 220 182 180

[[82]]
[1] 199 195 196 192 294 188 190 178 180

[[83]]
 [1] 199 195 196 192 294 188 189 190 220 180

[[84]]
 [1] 199 287 196 296 192 151 176 178 182 180

[[85]]
 [1] 199 287 196 192 151 188 189 190 220 179 180

[[86]]
[1] 199 195 196 192 151 176 178 265 180

[[87]]
[1] 199 195 196 296 151 176 178 180

[[88]]
[1] 199 195 290 294 188 190 220 179 180

[[89]]
[1] 199 195 196 192 151 188 190 178 180

[[90]]
[1] 199 287 291 294 188 190 178 265 180

[[91]]
 [1] 199 287 196 192 151 176 178 179 220 180

[[92]]
 [1] 199 287 196 192 151 176 178 220 179 180

[[93]]
 [1] 199 287 196 192 151 176 178 179 182 180

[[94]]
 [1] 199 287 196 296 294 188 189 190 220 265 180

[[95]]
 [1] 199 287 196 296 294 188 189 190 220 182 180

[[96]]
 [1] 199 195 196 192 151 188 189 190 220 180

[[97]]
[1] 199 195 290 294 188 189 190 178 180

[[98]]
 [1] 199 287 196 296 294 188 190 178 182 180

[[99]]
 [1] 199 287 196 192 151 176 178 182 265 220 180

[[100]]
[1] 199 287 196 192 151 152 176 178 180

[[101]]
 [1] 199 287 196 192 151 176 178 265 179 180

[[102]]
 [1] 199 287 196 192 151 176 178 179 265 180

[[103]]
 [1] 199 287 196 192 294 188 190 178 265 180

[[104]]
 [1] 199 287 196 296 294 188 190 220 265 182 180

[[105]]
 [1] 199 287 196 296 294 188 190 220 182 265 180

[[106]]
[1] 199 195 196 296 192 151 176 178 180

[[107]]
 [1] 199 287 196 192 296 294 188 190 220 180

[[108]]
 [1] 199 287 196 296 150 152 176 178 182 220 180

[[109]]
[1] 199 195 196 192 151 176 178 220 180

[[110]]
[1] 199 195 196 192 151 176 178 179 180

[[111]]
[1] 199 287 291 294 188 190 220 178 180

[[112]]
 [1] 199 287 291 294 188 189 190 178 182 180

[[113]]
 [1] 199 287 196 296 150 152 176 178 265 182 180

[[114]]
 [1] 199 287 291 294 188 190 220 179 182 180

[[115]]
 [1] 199 287 291 294 188 190 220 182 179 180

[[116]]
[1] 199 287 291 294 188 190 178 220 180

[[117]]
[1] 199 287 291 294 188 190 178 179 180

[[118]]
 [1] 199 195 196 192 151 176 178 182 265 180

[[119]]
 [1] 199 287 196 296 294 188 189 190 220 179 180

[[120]]
 [1] 199 287 291 294 188 189 190 220 265 182 180

[[121]]
 [1] 199 287 291 294 188 189 190 220 182 265 180

[[122]]
 [1] 199 195 196 192 294 188 190 220 265 180

[[123]]
 [1] 199 195 196 192 294 188 190 220 182 180

[[124]]
[1] 199 287 196 296 151 176 178 265 180

[[125]]
 [1] 199 287 291 294 188 190 178 182 265 180

[[126]]
 [1] 199 287 196 192 151 188 190 178 265 180

[[127]]
 [1] 199 195 196 296 150 152 176 178 182 180

[[128]]
 [1] 199 287 196 192 294 188 190 220 178 180

[[129]]
 [1] 199 287 196 192 294 188 189 190 178 182 180

[[130]]
 [1] 199 287 291 294 188 190 220 265 179 180

[[131]]
 [1] 199 287 291 294 188 190 220 179 265 180

[[132]]
[1] 199 287 196 296 151 188 190 178 180

[[133]]
 [1] 199 287 196 296 192 294 188 190 178 180

[[134]]
[1] 199 195 196 296 294 188 190 178 180

[[135]]
 [1] 199 287 196 192 294 188 190 220 179 182 180

[[136]]
 [1] 199 287 196 192 294 188 190 220 182 179 180

[[137]]
 [1] 199 287 196 192 294 188 190 178 220 180

[[138]]
 [1] 199 287 196 192 294 188 190 178 179 180

[[139]]
 [1] 199 287 196 296 150 152 176 178 182 179 180

[[140]]
 [1] 199 287 196 192 294 188 189 190 220 265 182 180

[[141]]
 [1] 199 287 196 192 294 188 189 190 220 182 265 180

[[142]]
 [1] 199 287 196 296 151 188 189 190 220 180

[[143]]
 [1] 199 287 196 296 192 294 188 189 190 220 180

[[144]]
 [1] 199 195 196 296 294 188 189 190 220 180

[[145]]
 [1] 199 287 196 192 151 176 178 182 220 265 180

[[146]]
 [1] 199 287 196 192 151 176 178 182 265 179 180

[[147]]
 [1] 199 287 196 192 294 188 190 178 182 265 180

[[148]]
 [1] 199 195 196 192 151 188 190 220 265 180

[[149]]
 [1] 199 195 196 192 151 188 190 220 182 180

[[150]]
 [1] 199 287 196 296 192 151 176 178 265 180

[[151]]
 [1] 199 287 196 192 294 188 190 220 265 179 180

[[152]]
 [1] 199 287 196 192 294 188 190 220 179 265 180

[[153]]
 [1] 199 287 196 192 151 188 190 220 178 180

[[154]]
[1] 199 287 196 192 296 151 176 178 180

[[155]]
 [1] 199 287 196 192 151 188 189 190 178 182 180

[[156]]
 [1] 199 287 196 296 192 151 188 190 178 180

[[157]]
 [1] 199 195 196 192 294 188 190 220 179 180

[[158]]
[1] 199 287 196 296 151 176 178 220 180

[[159]]
[1] 199 287 196 296 151 176 178 179 180

[[160]]
 [1] 199 287 196 192 151 188 190 220 179 182 180

[[161]]
 [1] 199 287 196 192 151 188 190 220 182 179 180

[[162]]
 [1] 199 287 196 192 151 188 190 178 220 180

[[163]]
 [1] 199 287 196 192 151 188 190 178 179 180

[[164]]
 [1] 199 195 290 294 188 189 190 220 265 180

[[165]]
 [1] 199 195 290 294 188 189 190 220 182 180

[[166]]
 [1] 199 287 196 192 151 188 189 190 220 265 182 180

[[167]]
 [1] 199 287 196 192 151 188 189 190 220 182 265 180

[[168]]
 [1] 199 287 196 296 192 151 188 189 190 220 180

[[169]]
[1] 199 195 290 294 188 190 178 182 180

[[170]]
 [1] 199 195 196 192 294 188 189 190 178 180

[[171]]
 [1] 199 287 196 296 151 176 178 182 265 180

[[172]]
 [1] 199 287 196 192 151 188 190 178 182 265 180

[[173]]
 [1] 199 287 196 192 151 176 178 182 220 179 180

[[174]]
 [1] 199 195 290 294 188 190 220 265 182 180

[[175]]
 [1] 199 195 290 294 188 190 220 182 265 180

[[176]]
 [1] 199 287 196 192 151 188 190 220 265 179 180

[[177]]
 [1] 199 287 196 192 151 188 190 220 179 265 180

[[178]]
 [1] 199 287 196 296 294 188 190 178 265 180

[[179]]
 [1] 199 287 196 192 151 176 178 265 182 220 180

[[180]]
 [1] 199 195 196 192 151 188 190 220 179 180

[[181]]
 [1] 199 287 196 192 151 176 178 220 265 182 180

[[182]]
 [1] 199 287 196 192 151 176 178 220 182 265 180

[[183]]
 [1] 199 287 196 192 151 176 178 182 181 180

[[184]]
 [1] 199 287 196 296 192 151 176 178 220 180

[[185]]
 [1] 199 287 196 296 192 151 176 178 179 180

[[186]]
 [1] 199 287 196 296 150 152 176 178 265 220 180

[[187]]
 [1] 199 195 290 294 188 189 190 220 179 180

[[188]]
 [1] 199 287 196 296 150 152 176 178 220 265 180

[[189]]
 [1] 199 287 196 296 150 152 176 178 220 182 180

[[190]]
 [1] 199 195 196 192 151 188 189 190 178 180

[[191]]
 [1] 199 287 196 296 192 151 176 178 182 265 180

[[192]]
 [1] 199 195 196 192 151 176 178 182 220 180

[[193]]
 [1] 199 287 291 294 188 189 190 178 265 180

[[194]]
 [1] 199 287 291 294 188 190 220 182 178 180

[[195]]
 [1] 199 287 196 296 151 188 190 220 265 180

[[196]]
 [1] 199 287 196 296 192 294 188 190 220 265 180

[[197]]
 [1] 199 195 196 296 294 188 190 220 265 180

[[198]]
 [1] 199 287 196 296 151 188 190 220 182 180

[[199]]
 [1] 199 287 196 296 192 294 188 190 220 182 180

[[200]]
 [1] 199 195 196 296 294 188 190 220 182 180

[[201]]
 [1] 199 195 196 192 151 176 178 265 182 180

[[202]]
 [1] 199 287 291 294 188 190 178 182 220 180

[[203]]
 [1] 199 287 196 192 296 150 152 176 178 182 180

[[204]]
 [1] 199 287 196 192 151 176 178 182 179 220 180

[[205]]
 [1] 199 287 196 296 294 188 190 220 178 180

[[206]]
 [1] 199 287 196 296 294 188 189 190 178 182 180

[[207]]
 [1] 199 287 196 192 296 294 188 190 178 180

[[208]]
 [1] 199 287 291 294 188 190 178 265 182 180

[[209]]
 [1] 199 287 196 296 294 188 190 220 179 182 180

[[210]]
 [1] 199 287 196 296 294 188 190 220 182 179 180

[[211]]
 [1] 199 287 196 296 294 188 190 178 220 180

[[212]]
 [1] 199 287 196 296 294 188 190 178 179 180

[[213]]
 [1] 199 287 196 192 151 176 178 265 182 179 180

[[214]]
 [1] 199 195 196 296 150 152 176 178 265 180

[[215]]
 [1] 199 287 196 192 151 176 178 179 182 265 180

[[216]]
 [1] 199 287 196 192 294 188 189 190 178 265 180

[[217]]
 [1] 199 287 196 192 294 188 190 220 182 178 180

[[218]]
 [1] 199 287 196 296 294 188 189 190 220 265 182 180

[[219]]
 [1] 199 287 196 296 294 188 189 190 220 182 265 180

[[220]]
 [1] 199 287 196 192 296 294 188 189 190 220 180

[[221]]
 [1] 199 287 196 192 151 176 178 183 182 180

[[222]]
 [1] 199 287 196 192 151 176 178 182 179 265 180

[[223]]
 [1] 199 287 291 294 188 189 190 220 178 180

[[224]]
 [1] 199 287 196 296 294 188 190 178 182 265 180

[[225]]
 [1] 199 287 196 192 294 188 190 178 182 220 180

[[226]]
 [1] 199 287 196 296 150 152 176 178 179 220 180

[[227]]
 [1] 199 287 196 296 150 152 176 178 220 179 180

[[228]]
 [1] 199 287 196 296 150 152 176 178 179 182 180

[[229]]
 [1] 199 287 196 192 151 176 178 265 220 182 180

[[230]]
 [1] 199 195 196 192 151 176 178 182 179 180

[[231]]
 [1] 199 287 196 296 192 151 188 190 220 265 180

[[232]]
 [1] 199 287 196 296 192 151 188 190 220 182 180

[[233]]
 [1] 199 287 196 296 294 188 190 220 265 179 180

[[234]]
 [1] 199 287 196 296 294 188 190 220 179 265 180

[[235]]
 [1] 199 287 291 294 188 189 190 220 179 182 180

[[236]]
 [1] 199 287 291 294 188 189 190 220 182 179 180

[[237]]
 [1] 199 287 291 294 188 189 190 178 220 180

[[238]]
 [1] 199 287 291 294 188 189 190 178 179 180

[[239]]
 [1] 199 287 196 192 151 176 178 179 265 182 180

[[240]]
 [1] 199 287 196 192 294 188 190 178 265 182 180

[[241]]
 [1] 199 287 196 296 151 188 190 220 179 180

[[242]]
 [1] 199 287 196 296 192 294 188 190 220 179 180

[[243]]
 [1] 199 195 196 296 294 188 190 220 179 180

[[244]]
 [1] 199 287 196 296 150 152 176 178 182 265 220 180

[[245]]
 [1] 199 287 291 294 188 190 178 182 179 180

[[246]]
 [1] 199 287 196 192 151 176 178 182 262 265 180

[[247]]
 [1] 199 287 196 192 151 176 178 182 181 265 180

[[248]]
 [1] 199 287 196 192 151 176 178 183 265 180

[[249]]
 [1] 199 287 196 296 150 152 176 178 265 179 180

[[250]]
 [1] 199 195 196 192 294 188 189 190 220 265 180

[[251]]
 [1] 199 195 196 192 294 188 189 190 220 182 180

[[252]]
 [1] 199 287 291 294 188 189 190 178 182 265 180

[[253]]
 [1] 199 287 196 296 150 152 176 178 179 265 180

[[254]]
 [1] 199 287 196 192 151 188 189 190 178 265 180

[[255]]
 [1] 199 287 196 192 151 188 190 220 182 178 180

[[256]]
 [1] 199 287 196 192 294 188 189 190 220 178 180

[[257]]
 [1] 199 195 196 192 296 150 152 176 178 180

[[258]]
 [1] 199 287 291 294 188 190 220 265 182 179 180

[[259]]
 [1] 199 287 291 294 188 190 220 179 182 265 180

[[260]]
 [1] 199 287 291 294 188 189 190 220 265 179 180

[[261]]
 [1] 199 287 291 294 188 189 190 220 179 265 180

[[262]]
 [1] 199 195 196 192 294 188 190 178 182 180

[[263]]
 [1] 199 287 196 296 151 188 189 190 178 180

[[264]]
 [1] 199 287 196 296 192 294 188 189 190 178 180

[[265]]
 [1] 199 195 196 296 294 188 189 190 178 180

[[266]]
 [1] 199 195 196 296 150 152 176 178 220 180

[[267]]
 [1] 199 195 196 296 150 152 176 178 179 180

[[268]]
[1] 199 287 291 294 188 190 220 181 180

[[269]]
 [1] 199 287 196 296 151 176 178 182 220 180

[[270]]
 [1] 199 287 196 192 151 188 190 178 182 220 180

[[271]]
 [1] 199 287 196 192 294 188 189 190 220 179 182 180

[[272]]
 [1] 199 287 196 192 294 188 189 190 220 182 179 180

[[273]]
 [1] 199 287 196 192 294 188 189 190 178 220 180

[[274]]
 [1] 199 287 196 192 294 188 189 190 178 179 180

[[275]]
[1] 199 195 290 294 188 190 178 265 180

[[276]]
 [1] 199 195 196 192 294 188 190 220 265 182 180

[[277]]
 [1] 199 195 196 192 294 188 190 220 182 265 180

[[278]]
 [1] 199 287 196 296 151 176 178 265 182 180

[[279]]
 [1] 199 287 196 192 294 188 190 178 182 179 180

[[280]]
[1] 199 195 196 296 151 188 190 220 180

[[281]]
 [1] 199 195 196 296 192 294 188 190 220 180

[[282]]
 [1] 199 287 196 192 151 188 190 178 265 182 180

[[283]]
 [1] 199 195 196 296 150 152 176 178 182 265 180

[[284]]
 [1] 199 287 196 192 151 176 178 265 220 179 180

[[285]]
 [1] 199 287 196 296 192 151 188 190 220 179 180

[[286]]
 [1] 199 287 196 192 294 188 189 190 178 182 265 180

[[287]]
 [1] 199 287 196 192 151 176 178 179 220 265 180

[[288]]
 [1] 199 287 196 192 151 176 178 179 220 182 180

[[289]]
 [1] 199 287 291 294 188 190 220 182 265 179 180

[[290]]
 [1] 199 287 291 294 188 190 220 179 265 182 180

[[291]]
 [1] 199 287 196 192 294 188 190 220 265 182 179 180

[[292]]
 [1] 199 287 196 192 294 188 190 220 179 182 265 180

[[293]]
 [1] 199 195 196 192 151 188 189 190 220 265 180

[[294]]
 [1] 199 195 196 192 151 188 189 190 220 182 180

[[295]]
 [1] 199 287 196 192 294 188 189 190 220 265 179 180

[[296]]
 [1] 199 287 196 192 294 188 189 190 220 179 265 180

[[297]]
 [1] 199 287 196 192 294 188 190 220 181 180

[[298]]
 [1] 199 287 196 192 151 188 189 190 220 178 180

[[299]]
 [1] 199 287 196 192 151 176 178 265 181 180

[[300]]
[1] 199 195 196 296 151 176 178 182 180

