cat_dist
6.745
5.5475
6.2182
5.7567
6.4842
5.7574
5.6321
6.4211
5.9922
6.1622
6.9008
6.201
6.2331
5.932
6.3547
6.0687
5.9348
6.5906
6.6315
5.9846
6.1633
6.5227
5.6825
5.8739
6.4147
6.12
6.6188
7.0093
6.7619
6.1701
5.9573
6.4868
5.9153
6.5018
5.7963
6.1039
5.9915
7.3052
6.5802
6.3437
7.4191
6.718
6.1424
6.1689
6.2504
6.3217
6.1939
6.4639
7.0356
6.0987
6.8179
6.8541
6.9793
6.9789
6.8311
6.6485
7.3217
6.479
6.0796
6.6136
6.446
6.9614
6.5422
6.5556
6.6785
6.8024
6.6291
6.0719
5.9727
6.3461
6.041
5.5386
6.1819
5.5295
6.3106
5.7099
5.7607
5.3941
5.9546
6.6066
5.8383
5.4745
5.8408
5.7184
5.9325
5.3902
5.4611
5.8355
6.0884
5.9042
5.7786
6.2043
5.8904
5.6179
6.2969
5.8811
5.3987
5.9224
5.8879
6.243
6.7285
5.5747
6.0241
6.5565
7.1076
6.601
6.164
6.2145
6.2013
5.6274
5.8411
5.7257
6.0094
6.1243
6.4839
5.9888
6.1753
6.2852
6.242
6.421
5.9544
5.9536
6.5967
5.9681
5.9933
5.4817
6.2037
5.5341
5.7936
5.9626
6.5914
5.8904
6.3973
5.8624
6.1647
5.7117
6.7338
6.5106
6.38
6.2414
6.4381
6.0726
6.919
5.8222
6.3631
6.589
6.1886
6.9541
6.06
6.0478
6.1721
5.8685
6.4195
5.919
5.8133
5.5632
6.3684
6.1197
6.3602
6.4473
6.1126
6.3242
6.0366
6.6207
6.2243
5.7253
6.166
6.3898
5.9429
6.2452
6.1536
3.9779
4.1999
5.5857
5.5648
5.7419
5.704
6.5018
6.0205
6.0584
5.7082
6.8959
6.2375
5.968
6.3581
5.5988
5.7879
4.3641
4.2333
5.8458
5.6708
5.7823
4.1137
5.234
6.4459
6.2729
5.7968
4.2739
3.9439
4.5866
4.4277
4.2149
6.942
6.8571
6.4472
6.3559
6.0801
5.9746
6.0205
6.1431
6.1055
5.7038
6.41
6.1042
4.4428
4.3071
6.0961
6.0897
5.5974
5.8997
5.8594
5.725
5.946
6.0722
5.7921
6.2111
6.3886
6.4892
5.8868
5.9967
5.8997
5.6277
5.2559
4.1606
4.4188
5.7083
6.1988
5.9646
5.3212
6.1095
4.1216
3.3955
4.388
6.4816
6.1839
6.0407
6.0535
5.7243
6.8944
3.9706
4.2513
4.189
3.8088
5.7162
4.7813
4.5891
4.3681
5.8101
4.0439
5.5822
3.5118
5.0225
4.3086
3.9803
3.7169
4.3133
4.7383
4.2578
4.2512
3.8264
4.4972
3.1263
4.5824
3.6561
4.1143
3.4614
4.0365
5.192
5.3833
5.2386
5.1363
5.1333
5.3691
5.4725
5.575
3.8367
4.4839
4.215
4.8106
4.5713
4.6693
3.8164
4.0963
4.5087
3.8997
4.8513
3.3604
3.9986
5.3119
3.94
6.3458
5.9892
6.5341
6.6623
6.2867
6.018
6.2815
6.0969
6.0373
5.9295
5.399
7.4519
6.1884
6.2155
6.856
6.251
6.7578
6.1281
3.8698
4.4085
3.898
3.9629
3.7381
4.0563
4.0613
4.2391
4.1303
3.9967
4.4499
4.4757
3.9182
4.7464
3.4869
4.2249
4.3082
5.9328
6.7928
6.4142
6.4376
6.7512
6.0629
6.6815
6.6735
5.2308
5.2537
5.5566
5.734
5.6587
6.3389
7.2688
5.7838
5.7039
6.0846
6.0022
4.4759
4.4007
3.8804
3.9284
4.1168
3.5411
3.634
4.3651
4.1926
4.777
4.5374
4.2729
6.6041
5.1446
5.5615
5.9825
4.6292
4.6642
4.698
4.1994
3.7757
3.7692
4.1333
6.7436
4.0526
6.2738
6.6465
7.0759
7.3
7.5841
6.1839
6.5251
6.1846
6.3637
6.5503
6.6994
6.3416
6.5981
6.5433
7.0131
6.7526
6.7736
6.087
6.75
6.0228
5.9195
6.8018
7.1452
6.1414
6.1838
6.4724
6.5609
6.8332
7.1163
7.2716
6.1628
6.9591
7.4978
6.8946
6.5059
5.0673
5.5054
5.5602
4.3673
5.4279
6.3445
5.6673
5.0998
5.618
6.1379
4.1977
5.5318
5.289
5.7992
5.5057
5.3141
5.546
4.0331
4.9481
4.7905
3.5303
5.2711
4.3344
5.2726
4.7414
2.613
2.6669
2.5505
3.8509
5.2693
4.7043
4.0463
4.336
4.6309
4.8967
3.1169
3.8539
5.2104
4.9911
4.0356
4.9199
5.072
5.58
4.8142
4.1375
4.5358
3.8444
3.536
4.1738
3.9639
3.8205
3.3656
4.8189
3.641
3.8767
4.0559
4.148
4.0815
4.43
3.7188
3.8197
4.7902
5.8541
4.1482
4.8172
4.5612
4.9749
4.3539
4.3248
4.5931
5.2864
4.0613
4.0925
3.8937
5.1824
3.9618
4.596
4.2979
4.8586
4.6424
4.7861
4.2956
4.2038
4.2149
4.3238
3.7224
5.2465
3.7844
3.8418
3.2491
4.2437
5.7238
3.4998
3.9835
4.6181
3.3858
3.7522
4.3107
4.4201
3.8201
4.7769
4.246
4.2575
4.0942
4.5188
3.8317
3.5302
3.8506
3.8528
3.8705
3.8063
3.8299
3.726
4.1382
3.8668
4.2675
4.2282
3.9359
3.9416
3.8939
4.0784
3.825
4.3036
4.2148
3.8897
4.0226
4.2984
3.9794
4.0135
4.3412
4.7361
3.8373
3.9098
3.8883
3.8301
3.7031
3.8438
4.2411
5.448
4.8416
4.2432
4.2491
3.6918
4.0454
3.8996
3.6826
3.4489
3.9422
4.0226
3.9938
3.812
5.1295
3.3787
3.7912
3.8793
4.2774
4.1243
3.4138
3.7931
3.7499
5.0154
3.8171
4.074
4.3993
4.6194
5.8552
6.9174
6.2464
6.3419
6.5102
6.8272
4.9596
5.4616
4.939
5.4426
4.9307
4.9698
5.5193
5.4255
5.1184
5.1032
5.4821
4.8643
5.1378
5.1336
4.9966
5.4477
5.6207
4.9365
5.2515
4.4569
5.3296
5.6353
4.741
4.4436
4.8407
4.3019
5.6229
6.3623
6.3017
5.5242
6.223
5.528
6.2902
4.8758
2.6674
5.8459
5.4297
4.3403
4.8405
5.05
4.8932
4.8888
4.7085
4.0662
3.9188
4.6852
3.7239
3.7689
5.2814
5.0784
4.1005
2.6424
2.6728
2.8576
2.5766
3.575
2.6166
2.6407
5.0581
5.5906
6.5031
6.4294
5.7454
4.4054
6.3795
6.4437
6.5206
5.9031
7.7263
6.7481
6.3906
7.4149
6.5938
6.2087
7.4042
7.119
5.9068
5.2217
4.9809
5.6784
6.166
6.6112
6.5234
6.252
5.2836
5.2056
4.5355
6.7065
5.0331
6.1945
4.6166
6.6649
5.6572
5.2098
6.216
6.0603
6.2744
6.5682
6.354
6.3003
6.3214
6.4258
6.2063
5.3895
5.659
6.9546
6.8794
6.9419
6.4611
5.8965
6.6522
5.3846
6.8482
5.8855
4.2478
6.2985
6.7253
5.9199
5.9967
5.336
7.1017
4.9734
5.8768
6.8845
5.423
5.9562
5.1943
4.7123
5.2073
5.4666
6.4664
5.3664
5.5347
5.158
5.2995
5.7082
5.4835
4.9913
5.022
4.673
4.5641
4.3215
5.2989
5.0739
5.7448
5.7204
5.129
6.3024
5.2776
5.3542
5.3204
5.9286
5.5031
5.7659
5.5403
5.7704
5.4302
5.6087
5.8912
5.4819
5.5462
5.2009
5.1671
5.2541
5.1678
4.6906
4.6343
4.6725
6.3204
3.8875
3.9834
4.5135
2.6575
5.6376
2.6818
4.4228
6.1883
6.7706
7.3941
8.2239
6.5307
7.1327
7.5638
5.1453
8.3472
4.5867
5.2412
7.6494
5.9593
5.0339
6.9023
6.7933
4.7573
4.3546
6.3214
4.1488
4.349
4.8275
4.2516
4.9514
4.2746
4.7891
4.3194
4.8801
5.1454
5.8674
6.0401
6.3761
5.6402
5.2543
6.1731
4.5117
4.4721
5.0158
4.3486
5.7006
6.0008
4.4854
4.8477
5.29
5.09
5.3821
5.3781
4.5153
5.0599
4.0651
6.2257
4.8447
5.643
5.1904
5.599
6.3286
5.5571
5.3255
3.5979
6.2022
4.2494
5.5657
4.2545
5.5093
5.7923
6.1121
6.246
4.7434
5.4474
5.5666
4.7844
5.155
6.5474
4.9785
5.0802
5.5637
4.4305
4.8275
4.9096
5.5944
5.4328
5.8242
4.0383
5.2393
4.0865
5.1784
5.2009
5.6651
4.5107
5.6052
5.7048
4.8076
5.7505
4.768
5.5721
4.7005
5.267
5.5998
5.1926
4.127
5.0722
4.4767
4.3413
4.8772
4.2542
5.5455
4.8561
5.3607
4.688
4.5647
4.2807
4.9093
4.866
4.038
4.7732
4.8095
6.0412
5.9719
4.7433
6.1292
5.8216
3.9867
5.6733
6.1722
5.2355
5.459
5.0369
4.1765
3.7762
4.9667
6.8369
5.756
5.0298
3.9372
4.8301
5.4132
5.5718
5.2134
4.0254
5.025
5.6676
6.0076
5.6245
5.6178
5.578
5.1717
4.9123
5.7649
5.1814
5.2852
4.7862
5.7099
5.3814
4.4914
6.2182
5.06
4.7871
4.8897
4.4806
5.2166
4.9055
5.0706
5.2948
5.1387
6.6056
5.8881
5.2939
5.8686
6.0694
4.6293
5.2782
5.241
4.5025
6.4558
6.3881
4.2406
4.0321
4.5481
4.4399
3.7189
4.7848
4.8497
6.4169
6.8885
6.7767
5.1548
6.8497
6.7598
6.1905
6.3286
6.3887
7.0945
5.8822
6.2164
4.7225
6.7422
6.1131
6.3032
6.3456
6.4609
6.7231
4.4786
4.6717
4.055
4.1922
4.6735
3.8521
3.9016
4.1755
4.6584
4.3902
3.9729
5.995
5.0478
6.0882
5.3764
4.2066
6.201
4.2546
4.1516
3.6337
2.8539
3.5273
2.548
4.0506
4.1574
3.578
3.7031
3.6762
3.8317
4.6824
4.8758
3.7295
3.993
4.3689
3.5937
4.1369
4.0556
4.0864
6.2319
6.2693
5.8412
6.206
6.7058
6.0506
5.956
5.7715
6.2888
6.6647
6.3128
5.9403
5.8137
6.1791
6.409
5.8142
6.4222
6.1017
6.1105
6.2801
6.1962
5.8678
6.3791
5.9684
6.001
5.6344
6.4294
6.0655
5.6239
5.8212
6.2896
6.0492
5.6588
5.6528
7.6854
7.32
5.402
6.091
5.823
6.3024
6.3812
6.2407
6.0035
5.7046
6.2867
5.9332
6.199
5.9135
6.016
6.3712
5.9843
6.2538
6.0223
6.3897
5.8969
5.7939
6.1542
6.4516
5.7028
6.7268
6.3964
6.1886
6.1015
6.3774
6.6728
6.7577
6.0234
6.4184
6.6179
6.6302
7.1099
6.351
6.3656
5.6685
5.8004
6.0154
5.8112
6.7454
5.9123
6.104
6.0499
6.5784
6.6539
6.7287
6.0643
6.3823
5.7358
6.9508
5.7644
5.6778
6.5019
6.0128
7.5369
5.9504
6.5021
5.8767
5.7762
6.16
6.5274
5.8715
6.1519
6.1154
5.9358
6.3922
6.0803
5.7954
6.0658
6.0325
5.6614
6.0873
5.9591
5.8848
5.8429
6.1018
6.2569
6.0625
6.1775
5.8609
5.878
6.1896
5.7887
5.9177
6.293
5.9247
5.7499
5.8199
6.4089
6.2763
5.7395
6.2003
5.7479
6.3263
5.9331
5.7093
5.9291
6.0236
6.3744
5.9379
6.1154
6.6399
6.2974
6.3256
6.6775
6.2326
6.7237
6.1686
5.8902
5.865
6.6522
6.7451
6.3774
6.2792
7.1497
6.2901
6.1554
6.6178
6.3169
6.401
6.5426
6.2203
6.8903
5.9817
6.5808
6.2569
6.1902
5.9823
6.2504
5.9654
5.9473
6.1646
5.8745
6.045
5.9968
5.941
6.2848
6.3251
5.6627
6.0533
6.4079
6.2313
5.9802
6.2454
6.3124
6.1118
6.1651
6.1892
6.0429
5.9558
5.8026
6.4694
6.4573
6.402
6.0388
6.5343
6.5395
6.099
6.601
5.8747
6.4482
6.0628
5.812
6.0952
6.3346
6.2802
5.9781
5.9873
6.7909
5.7435
5.4455
6.0799
5.8928
6.5365
6.0134
6.1034
6.1832
6.3724
6.8779
6.3479
6.3089
6.1919
5.6811
5.6501
5.8698
5.826
5.6761
5.8777
5.9623
6.4331
5.7252
5.8511
6.0525
6.4721
7.3364
5.6871
6.4871
5.9804
6.9675
6.1494
6.0573
5.4429
5.1578
5.2579
4.6501
6.1691
4.9927
6.0687
5.1442
5.8497
4.8222
5.7914
6.7471
6.4853
6.091
5.5675
5.9963
5.7922
6.5828
5.3911
7.0212
6.8658
6.7929
6.2413
6.3597
6.666
6.1318
6.6137
6.3265
6.2949
4.3211
3.9312
6.372
6.3626
6.6437
5.9323
5.988
5.9693
6.4184
6.3101
6.2672
6.4871
6.3095
6.7141
6.2229
6.2647
6.374
7.3588
6.4709
7.2736
6.0631
6.2352
6.2193
4.4292
4.1604
4.511
4.4334
4.5474
3.9349
3.8821
4.2077
4.3058
4.5411
4.1653
4.3419
4.9674
4.4003
4.6776
3.9389
3.8084
4.7064
6.1055
5.5683
6.0067
4.1539
8.0648
3.3179
4.105
6.0064
6.3056
6.2222
6.0535
5.24
6.0091
6.8578
6.5637
5.5964
6.4435
6.3716
6.24
6.3925
5.8725
5.8551
5.5283
5.3781
6.3751
6.6062
6.012
5.852
6.0888
6.119
5.7168
6.4631
5.2561
5.5589
5.0887
5.9886
5.4613
6.0407
5.973
5.8172
5.9565
5.6009
5.5195
5.6918
5.5706
5.8223
6.4763
6.0556
5.8086
6.2401
5.4658
5.6851
5.2898
6.212
5.7181
5.799
5.7052
6.1132
6.0998
5.5525
5.5977
5.4546
6.0536
5.8642
5.2183
5.4569
7.0436
5.8577
6.0309
6.0136
5.4717
5.7656
6.0715
5.8487
5.7571
6.6073
5.3826
5.8371
6.0307
5.9482
5.7785
6.2628
6.4544
5.8303
6.1733
6.3155
6.0953
5.36
5.5959
5.0551
5.7388
5.7487
5.983
5.2043
6.4602
6.359
5.9018
6.0556
6.2906
6.4586
6.0979
6.1019
5.9495
7.1914
6.5184
6.4452
6.5558
6.1198
7.1455
6.3921
5.8482
6.5292
5.6931
6.4259
6.4781
5.8069
7.2295
6.774
6.7323
7.043
6.3698
5.7423
6.8845
6.3933
5.447
6.0658
5.7606
6.661
6.6859
5.8883
6.2594
7.1529
6.4023
6.0632
6.5184
6.5615
6.9808
6.5599
6.3649
5.7072
6.5146
6.8654
6.3095
6.4547
6.9001
6.3715
6.5622
6.0218
6.8514
6.0297
5.5834
5.7684
6.8714
6.0337
5.6354
6.8618
5.8942
6.0546
6.0087
6.6314
6.5706
6.7957
6.5982
6.2447
6.7807
5.4697
6.9858
6.4798
6.0448
6.3939
6.9875
7.1185
6.1747
6.1495
5.9964
6.3107
6.0524
4.6126
5.4081
5.5417
5.9019
5.7524
5.4718
5.8048
5.3716
5.3992
5.5138
4.8414
4.6825
6.1154
5.6972
5.7258
5.2975
6.9007
5.8864
5.4781
5.93
6.2678
6.1562
5.3721
5.9797
6.0206
6.1193
5.4982
5.5418
7.1013
5.2683
6.3493
5.9005
5.257
6.651
6.6323
6.5393
4.903
6.5695
5.7491
6.5368
6.8138
4.5933
5.9772
6.1156
6.5039
6.6017
5.3204
5.7708
6.4033
5.5756
4.7662
4.0518
4.2055
3.8891
5.5326
5.1853
4.6141
3.9833
6.431
4.9849
5.0022
5.752
7.1073
5.4752
5.9155
6.4973
5.5999
5.3367
5.2398
5.2284
5.8858
5.5781
5.9275
5.8103
5.6509
5.4482
5.4171
5.8089
6.2718
5.9249
5.9196
6.965
5.0491
6.3818
5.0212
5.4418
5.4252
6.373
5.8044
6.8679
6.7832
6.1269
6.8629
6.5972
6.484
7.6307
6.278
7.2579
6.5992
7.2569
6.8536
7.0605
7.3978
7.5076
7.608
6.7446
6.6727
7.5914
7.3347
7.3496
6.7795
6.0461
5.4818
6.0825
7.1542
6.9543
8.1243
7.3476
7.7901
7.3148
6.7614
6.5623
5.817
7.6467
6.1946
6.4668
7.3442
7.1047
6.6526
6.6606
7.1996
6.9144
6.3305
6.7212
6.4748
6.791
7.6391
6.0809
7.1273
6.4118
7.1896
6.5838
6.7408
7.4531
6.8051
7.4711
6.836
6.8866
7.9979
6.3816
6.677
5.8079
7.1485
7.4671
6.5689
6.3807
6.8638
6.5357
6.9641
7.1021
7.2382
6.6009
6.6354
6.1074
6.2516
7.2548
6.6165
5.8627
5.8776
5.4059
5.6398
5.8316
6.1242
7.0416
7.151
5.9848
6.7576
6.8507
5.5004
7.042
6.163
6.9988
6.7944
5.1061
6.3033
5.8045
6.3365
6.6978
6.8306
6.7563
5.6434
7.3241
6.9745
5.4736
6.2886
6.3242
6.5614
6.3854
5.7262
6.8401
6.7954
6.4072
6.8067
6.9394
6.3098
7.0702
7.2512
6.412
5.973
6.7938
6.2851
6.2117
7.0925
6.3937
7.1369
5.9057
6.4453
6.1725
6.8519
6.4258
6.754
6.3621
5.7244
4.5625
6.204
5.9419
6.3519
5.6596
6.2916
5.7121
5.7306
5.4928
5.6875
5.8344
5.9921
5.9376
5.823
5.4652
5.575
5.4426
6.6483
5.9898
5.9447
4.8002
5.9145
6.667
6.01
6.3234
5.4992
6.1481
4.764
6.4258
5.6572
6.0811
5.4386
5.011
5.6106
6.1061
5.273
4.8465
6.306
6.2779
6.5968
5.5784
5.5884
6.4936
6.3007
5.1812
5.358
5.2194
4.896
5.6272
5.9954
7.0594
6.2502
6.748
6.8527
7.146
5.906
6.5232
5.7672
5.8647
6.66
5.6846
5.8773
5.9941
5.4267
6.0178
6.3155
5.8462
6.5949
6.7861
6.4957
6.9151
6.7696
5.7697
5.4834
5.7535
6.7571
5.9685
7.1054
6.9231
6.0562
5.7424
6.824
6.8258
6.5442
6.2198
6.3988
7.0848
6.5281
7.056
6.21
6.0773
6.8098
6.5679
5.8995
6.0618
6.6583
6.2005
6.1741
6.3884
6.2803
6.121
8.0797
7.4953
6.0159
6.9125
5.8542
5.7855
8.1891
6.6477
6.1043
6.1968
5.4608
5.4884
6.3146
6.0345
6.3328
5.7031
5.8852
5.7536
5.7304
6.3343
6.1489
4.8738
6.1046
6.5959
6.3459
5.6656
5.2815
5.3379
4.6127
5.0512
5.6415
6.7325
5.5315
6.3668
5.8535
6.5027
5.9939
6.0858
6.4115
6.5185
6.767
5.6303
6.0275
5.9864
6.1705
5.7981
5.0654
5.5851
5.161
5.4225
5.8919
6.6617
5.9529
5.6195
6.9192
5.4154
6.3691
5.954
6.186
6.7947
5.778
5.9998
6.4348
6.2965
6.0066
6.0753
5.8515
7.4323
6.0924
6.0774
6.5469
6.7473
6.9992
7.4454
6.5911
8.2115
7.0443
5.7822
4.3988
6.3586
4.5076
4.4645
4.8614
6.7193
6.1827
5.0484
5.2543
5.7844
5.4442
4.4568
5.4136
4.1526
4.9473
5.9595
6.5232
5.1594
6.2117
6.3785
5.9185
5.8477
5.6273
6.3195
5.8185
5.8064
6.19
6.7779
6.0138
6.2129
6.1872
6.1987
8.0517
7.2035
8.0694
6.2944
6.2516
5.1499
5.8202
5.3347
5.5725
5.6017
6.2531
6.0559
6.2268
5.6606
5.3903
6.029
5.4439
5.6355
5.85
5.4318
5.4779
5.9701
5.7416
4.9554
5.7306
6.0393
5.6515
4.7499
6.3341
5.7733
6.3861
7.0409
5.5054
6.2742
5.3629
4.0495
5.7825
6.1312
5.3006
5.4915
5.9437
4.7408
4.4161
5.442
5.0536
4.9764
6.3369
5.1456
5.3164
5.2955
6.0124
6.284
5.5651
5.8934
5.8423
5.7158
5.5427
5.7054
6.5395
6.3087
6.0564
6.3854
5.9517
6.077
5.2812
5.5024
5.739
6.718
6.292
6.8831
6.6427
6.4468
5.3103
4.9705
5.8784
4.8583
5.7601
5.7352
6.0455
6.6362
2.7702
2.6539
2.6747
2.6431
2.6475
2.6806
2.6407
2.6001
2.5935
2.7144
2.7201
2.496
2.953
2.5773
2.578
2.6762
2.5314
2.5223
2.5164
2.6775
2.57
2.5817
2.5477
2.4879
2.8167
2.5372
2.6912
2.7048
2.6668
2.7879
2.6154
2.5957
2.5412
2.9412
2.4443
2.6942
2.5474
2.6256
2.7064
2.5453
2.6791
2.5138
2.6511
2.8155
2.7025
2.4839
2.6361
2.7049
2.6388
2.5345
2.4899
2.6528
2.55
2.5404
2.603
2.588
2.4941
2.7242
2.4351
2.6774
2.5135
2.6668
2.6614
2.6005
2.5714
2.5599
4.5019
5.7484
5.8683
6.3073
5.7396
4.5233
5.5056
3.7655
6.8461
6.3054
6.5035
6.1292
6.4599
4.8783
4.1786
4.7096
5.1976
5.252
6.4362
4.6447
5.5592
6.0571
4.1624
6.2649
5.8343
6.7271
6.2271
5.1928
6.358
5.4332
5.5838
6.2545
6.5104
5.3606
4.5904
5.0604
6.5101
5.9763
6.5133
6.0769
5.8575
6.7229
5.379
6.4329
6.2559
6.4399
6.5974
6.5324
6.8651
4.6053
6.0201
6.3245
4.5651
6.1762
6.9843
6.6807
6.9552
5.6408
5.3947
6.6847
5.5117
4.9344
5.9736
6.3483
6.1651
5.5109
5.5886
5.9568
6.5292
5.8439
4.6508
5.755
6.2506
7.3525
3.7026
7.163
6.0193
5.7191
6.2236
6.5614
5.3987
5.4261
5.7346
6.0378
5.642
6.402
5.7398
6.8347
5.0825
5.894
6.9598
6.0915
5.4355
4.1266
4.6648
5.3479
5.5441
6.2075
6.6123
5.8008
5.5955
6.5036
6.3513
5.3665
4.4894
5.8202
5.0535
6.8821
6.6838
7.3403
6.9069
6.327
6.9429
5.7263
6.7912
6.025
6.472
5.6929
6.7571
5.9108
5.7197
5.4798
5.8341
5.4221
6.5349
6.1296
6.3432
5.6191
6.1046
6.5432
5.9317
6.6854
6.5474
6.7485
6.5599
6.5166
6.1161
6.6476
5.6872
6.6886
6.634
6.3056
6.3628
5.9923
6.77
7.1232
6.4213
7.1109
4.9724
6.2154
6.816
6.547
5.813
6.4381
6.63
6.8577
6.7265
6.4952
6.7569
6.9773
7.6617
6.8623
6.2212
6.7357
7.2869
6.9307
5.7103
6.4257
7.1478
7.429
5.3413
6.6212
6.1598
6.8788
6.9224
7.189
6.7116
7.4018
6.4818
6.3457
6.0228
6.8468
8.5496
7.7934
7.9461
7.2819
6.6538
6.2545
6.3953
7.3899
6.9342
6.9486
6.4202
5.7384
6.3619
6.6856
6.1421
6.7002
6.6578
6.1296
6.5233
6.2432
7.4527
6.5806
6.4644
6.2703
6.5344
6.6073
6.5703
7.2815
6.4271
6.8239
6.9764
5.6778
6.6468
8.1331
6.3417
7.8251
6.6443
7.4566
6.6944
6.9118
6.8551
6.9216
6.4566
7.1144
6.3533
7.3055
7.0981
7.8913
5.8405
6.957
6.6878
7.1787
6.7576
6.1991
6.9498
6.4023
7.0083
6.9814
7.4972
7.0366
6.3245
6.2947
6.9074
6.8262
6.2971
6.8778
5.5432
7.2897
6.0868
7.6372
6.6503
6.6506
6.6894
6.6799
6.8642
6.3897
6.6521
6.6758
6.5916
6.6246
7.2008
6.7165
6.6128
7.0586
6.5103
6.81
6.0114
6.7465
6.5193
6.9568
5.9833
6.5303
6.6599
6.3246
7.2732
6.6866
5.7386
6.4303
6.2662
6.4157
6.3332
7.1998
6.5578
6.6883
6.3393
6.3524
6.1359
5.9253
7.0655
5.6745
6.0825
6.2548
6.4168
7.2388
6.8222
6.1588
7.2231
6.6654
6.6949
5.8243
6.2003
6.1488
7.0262
6.4734
6.7323
6.8558
6.704
6.2291
6.4643
6.4719
7.2672
7.044
6.0513
6.2943
6.2267
6.9939
6.6652
6.7895
6.9194
6.2398
7.2138
6.5971
6.4287
6.4139
6.887
6.8385
6.0854
6.3156
6.6652
6.6156
6.9568
6.7205
6.2192
7.5413
7.9416
6.9612
6.0682
6.6328
6.377
6.9686
6.7913
6.1233
7.1654
6.6578
6.6159
6.9288
6.9089
6.3718
5.9224
6.5849
6.6757
6.5488
6.1741
6.383
6.7336
5.4922
6.6199
6.5061
6.7081
5.9715
6.5428
5.6402
6.5024
6.5865
6.7677
6.786
6.9461
6.1495
7.5977
6.8697
5.9311
7.1915
6.5844
6.4877
6.4975
7.1311
6.3049
6.6557
7.5551
6.7305
7.2899
6.299
6.2478
7.1046
6.2277
6.9524
7.0288
5.2949
6.6222
6.4101
6.2215
6.0873
6.489
6.4395
5.865
6.2883
5.8137
5.8507
6.6921
6.5973
5.8969
5.5801
4.8434
5.3436
5.9202
6.0746
6.5186
6.2315
7.4599
6.6928
5.9465
6.9904
6.8745
6.178
6.7584
7.3796
6.8708
6.6217
6.9289
5.9829
6.7978
6.0406
6.0252
6.4254
6.419
5.7839
5.6926
6.5638
7.0257
7.0457
7.0478
6.4275
5.935
6.0937
5.9558
6.3336
7.2133
6.3946
6.0184
6.9477
6.0443
5.964
6.5899
6.9391
6.6866
7.43
6.8917
7.3245
6.4604
6.2403
7.0053
6.2615
6.4533
6.0623
5.1038
5.9973
6.4197
7.0471
7.352
6.0506
5.5313
5.1952
5.6864
5.8205
6.2396
5.8287
5.6644
4.7048
4.432
3.7028
2.5051
2.4685
2.6534
2.6967
2.5747
2.5446
4.6547
3.7957
4.5402
2.7786
2.6883
2.4818
2.8039
2.7612
2.5648
2.4742
2.7028
2.7216
2.5585
3.6779
4.3079
2.5739
2.5604
2.5873
2.5704
2.9164
2.6729
2.4943
2.5648
2.6614
5.2027
2.738
5.7583
4.0431
4.9132
2.8623
2.7718
3.0451
2.6455
4.8048
4.7675
4.5441
4.2111
4.2247
4.3499
4.906
5.0747
5.0658
4.2836
4.8666
5.0808
4.7668
4.182
4.6381
4.5078
5.3722
5.6275
5.3253
4.3199
5.2299
4.691
2.6795
2.4492
5.5582
2.6466
2.5277
4.053
2.6086
5.0109
2.7188
2.6955
2.5912
2.6046
2.4978
2.5368
2.5121
2.4387
2.5434
2.6321
2.4359
2.6964
2.4668
2.487
2.4702
2.6779
2.5283
2.6157
2.5168
2.5707
2.5283
2.4384
2.546
2.4688
2.6725
2.5423
2.6094
2.767
2.4904
4.094
2.6695
2.6761
2.7265
2.5253
4.4667
2.4538
2.637
2.5486
2.5638
2.7642
4.3226
2.5501
2.5111
2.5683
2.5581
2.6473
2.656
2.6022
4.7062
4.4344
2.6423
2.7378
2.6236
2.6187
2.4291
2.4876
2.5027
2.4659
2.5021
2.7117
2.6893
2.5393
2.4761
2.5363
2.7947
2.5323
2.5579
2.5291
2.5584
2.4672
2.4942
2.5022
2.5899
2.5498
2.4548
2.545
2.5061
2.6212
2.4985
2.5017
2.6142
2.5695
2.5892
2.5935
2.5181
2.565
4.0369
2.685
2.6234
2.7926
2.6819
2.6062
2.5617
2.662
2.6607
2.4236
2.5109
2.5468
2.5814
2.7646
2.5926
2.5506
2.5859
2.625
2.5329
2.7102
2.4075
2.6033
2.4201
2.6091
2.6058
2.6069
2.7258
4.3405
4.1501
3.7369
2.7808
2.5391
2.424
2.5778
2.6971
2.5909
2.6055
2.4734
2.6711
2.5808
2.4781
2.6596
2.5049
2.4304
2.6739
2.5498
2.5709
4.6598
2.4382
2.6093
2.7124
2.6326
2.5593
2.5728
2.63
2.8352
2.7731
2.407
2.7273
2.5793
2.5302
2.6168
2.5564
2.6667
2.4792
2.7674
2.6451
2.5571
2.5308
2.8037
2.5345
2.5877
4.4101
2.6144
2.6148
2.5693
2.681
2.5679
2.6382
2.5644
2.4826
2.6499
2.4461
2.5148
2.4161
2.5265
2.5462
2.6102
2.6686
2.5956
2.6387
2.4981
2.6419
2.7058
2.6388
2.5369
2.4856
2.4791
2.5613
2.4814
2.6231
2.4801
2.6332
2.7353
2.6916
2.5636
2.6644
2.6401
2.5403
2.5996
4.8965
4.5684
5.1326
5.7749
5.6891
2.8897
5.0623
4.0747
6.0838
6.1847
6.713
5.035
5.2721
4.5187
6.5394
5.2718
5.901
5.5757
5.5431
6.1539
5.5777
4.5424
4.8238
2.6054
2.6497
2.5819
2.5504
2.6647
2.649
2.4631
5.5356
5.4484
4.9248
4.7858
4.448
4.3355
2.7422
2.6909
2.5315
2.6841
2.5407
2.6861
2.6142
2.4987
2.5423
2.575
2.5114
2.6081
2.5054
2.479
2.5101
2.5605
2.4543
2.754
2.5488
2.6224
2.471
2.569
2.8659
2.5154
2.6231
2.4668
2.7083
2.6788
2.5423
2.559
2.5153
2.595
2.5015
2.5367
2.5835
2.8128
2.6354
2.5916
2.5139
2.5955
2.5401
2.5854
2.5576
2.619
2.5091
2.4682
2.7936
2.6403
2.5235
2.6473
2.5513
2.5236
2.6627
2.5302
2.6744
2.6577
2.5594
2.5102
2.5802
2.7324
2.6122
2.4866
2.5108
2.6949
2.6172
2.5073
2.5068
2.544
2.5895
2.538
2.5049
2.5816
2.7667
3.9371
5.2483
5.4252
5.288
2.6083
2.6009
2.5776
2.5642
2.7263
2.4906
5.0856
4.467
4.7625
5.4675
5.4482
5.3954
5.5096
5.0758
5.8155
5.3985
5.1916
4.9265
5.1479
5.7237
5.4944
5.4478
4.4498
5.2396
5.1012
5.0215
5.0422
5.409
5.404
4.186
6.2663
5.4658
6.6917
5.5525
5.4431
2.702
2.6679
2.5306
2.6308
2.6256
2.7196
2.515
2.569
2.6129
2.5021
2.5173
2.5935
2.5885
2.6042
2.6343
2.6356
2.6148
2.5058
2.8024
2.5741
2.5959
2.6977
2.5024
2.7749
2.5618
2.5117
2.5426
2.531
2.5814
2.6841
2.6332
2.5337
2.7473
5.222
2.536
2.6227
2.5425
2.4753
2.4573
2.7212
2.7176
2.5689
2.6957
2.6605
2.5958
2.7127
2.6308
4.025
4.1694
2.6854
2.7839
2.6306
2.4234
2.4788
2.6428
3.7896
2.6882
3.232
2.5479
2.6655
2.5006
2.6761
2.6551
2.6643
2.7531
2.5446
2.533
2.519
2.5138
2.6966
2.5925
2.6819
3.7316
2.5384
2.5393
2.6086
2.6026
2.6047
2.5911
2.6843
2.5351
2.6483
2.6186
2.604
2.6306
2.629
2.6861
2.6576
2.6272
2.5444
2.4805
2.664
2.54
2.6076
2.64
2.5902
2.6883
2.7127
2.703
2.4256
2.7018
3.8195
2.6063
2.6634
2.6367
2.6489
2.6425
2.5534
2.6785
2.6591
2.6333
2.4988
2.6296
2.6991
2.7177
2.5359
2.87
2.5199
2.6327
4.0303
3.4478
3.5789
2.5982
3.8
3.2236
2.6343
2.574
3.4804
2.5754
2.7074
2.4675
2.4666
2.6302
2.5591
2.5112
2.4613
4.1387
5.4826
4.5997
4.3737
4.2015
3.7414
4.1788
3.9843
4.3344
3.8746
4.983
4.9552
4.2466
4.6344
4.9224
4.6614
4.0012
4.3757
4.2014
6.2273
4.5819
3.6368
4.278
2.5975
2.6039
2.5376
2.9353
2.6224
2.5298
4.1389
4.2228
4.173
4.2748
4.2492
4.7187
4.0675
3.7664
5.3156
4.6028
4.0399
4.3108
3.6999
4.7698
4.1626
5.0928
2.4449
2.7191
2.6027
3.3976
2.6064
2.7748
2.5374
2.599
5.243
4.9464
3.8222
4.767
4.1821
4.9677
5.854
6.0565
4.6093
5.3734
4.4275
4.2831
6.2825
4.4925
3.5756
2.5793
2.568
2.6001
2.5815
2.5555
2.6357
3.7798
4.293
3.4911
3.4501
4.1145
2.4993
2.5464
2.6535
2.524
2.6388
2.5075
2.5474
2.7064
2.5157
2.4929
2.5582
2.5894
2.5173
2.6846
2.7098
2.7166
4.0379
2.4748
2.6569
2.6444
2.5591
2.5843
2.4978
2.3986
2.5512
2.5827
2.5402
2.569
2.7381
2.5253
2.4799
2.8131
2.5449
2.546
2.598
2.4661
2.681
2.5049
2.4534
2.5332
2.7422
2.6884
2.4905
2.4784
2.805
2.5064
2.5776
2.551
2.5697
2.6046
2.532
2.6891
2.4501
2.7528
2.576
2.5529
2.5335
4.9381
4.6962
4.1248
5.3273
4.3057
4.555
5.0189
4.9661
2.5902
2.4654
2.5474
2.3971
2.5747
2.6822
2.4542
2.6459
2.4383
2.6024
2.5924
2.446
2.6112
2.4543
2.5431
2.5355
2.608
2.543
2.6591
2.7159
2.5484
2.5139
2.6613
2.6069
2.8025
2.4957
2.5877
2.7824
2.5546
2.56
2.4841
2.5188
2.6816
2.5644
2.6549
2.4678
2.5148
2.5635
2.5368
2.4853
2.5474
2.5562
2.5486
2.6321
2.5963
4.978
2.582
2.4587
5.2958
4.8182
2.6124
2.7673
2.4556
2.6855
2.5741
2.7101
2.5991
2.5056
2.6036
2.5708
2.64
2.7391
2.6824
2.7771
2.6796
2.5322
2.7622
2.6558
2.509
2.4825
2.5279
2.5623
2.6583
2.5892
2.8555
2.4842
2.5788
2.5436
2.6158
3.1832
4.0142
4.3239
5.145
2.5734
2.5073
2.5656
2.5013
2.534
2.5597
2.5256
2.6121
2.485
2.6458
2.7288
2.559
2.5064
2.5803
2.6667
2.6641
2.6324
2.4497
2.6676
2.5059
2.5911
2.6149
2.5247
2.5525
2.7031
2.4273
2.5229
2.7242
2.7311
2.6535
2.5923
2.518
2.5299
2.5843
2.6797
2.7032
2.7478
2.5421
2.8325
2.5461
2.8648
2.5904
2.6724
2.8402
2.56
2.5668
2.7881
2.5641
2.7312
2.5063
4.294
5.8467
2.6603
2.612
2.4127
2.5391
2.4601
2.6295
2.6173
2.6455
2.5454
2.5284
2.6712
2.5294
2.7245
2.5556
2.5892
2.5578
2.5299
2.6255
2.6934
2.5705
2.6167
2.624
2.5284
2.6236
2.654
2.5395
2.6152
2.5524
2.4566
2.7186
4.1933
2.5562
2.4849
5.0112
4.1694
3.9499
4.0113
4.5096
2.6686
2.5418
2.5732
2.759
2.5543
2.4786
2.5694
2.582
2.5285
2.5304
2.6328
2.4893
2.606
2.4876
2.4371
2.6072
2.414
2.5653
2.4997
2.6367
2.5475
2.5984
2.4271
2.6921
2.527
2.5491
2.506
2.6402
2.4927
2.4914
2.6534
2.497
2.7139
2.6778
2.6473
2.6251
2.4078
2.6164
2.4722
2.5212
2.7665
2.5859
2.5043
2.4882
2.5185
2.747
2.6376
2.5692
2.6512
2.5446
2.7411
2.4965
2.6798
2.6851
2.5649
2.5729
2.5221
2.5965
2.5463
2.6652
2.6107
2.4137
2.4838
2.4592
2.7013
2.6011
2.7052
2.5306
2.5336
2.6763
2.9493
2.4836
2.5807
2.5612
2.5726
2.4968
2.5782
2.6274
2.5347
2.5773
2.5577
2.638
2.5645
2.4502
2.4841
2.5828
2.7669
2.4964
2.6021
2.5499
2.5809
2.7298
2.4207
2.5268
2.458
2.4906
2.6111
2.5614
2.6466
2.5116
2.6523
2.4977
2.5798
2.5119
2.6856
2.5398
2.7376
2.5946
2.4888
2.4606
2.5212
2.5088
2.5135
2.6357
2.4485
2.6265
2.5457
2.4897
2.5871
2.6107
2.6552
2.5085
2.5094
2.4869
2.599
2.6109
2.5329
2.5606
2.6015
2.5873
2.5179
2.6371
2.6366
2.6257
2.5343
2.5162
2.5133
2.6604
2.6813
2.6832
2.5923
2.5973
2.463
2.6454
2.6514
2.5795
2.5891
2.5475
2.4852
2.6476
2.5187
2.6557
2.5229
2.6425
2.56
2.8611
2.6217
2.4911
2.8123
2.563
2.6346
2.4903
2.845
2.4276
2.6415
2.7063
2.6303
2.6512
2.528
2.6215
2.6234
2.6384
2.5435
2.609
2.5153
2.5356
2.6257
2.6359
2.7352
2.5734
2.5947
2.7268
2.5299
2.5155
2.567
2.5497
2.5497
2.5614
2.619
2.7436
2.6172
2.4139
2.4723
2.5724
2.5839
2.5412
2.6676
2.597
2.614
2.5678
2.5162
2.549
3.1622
2.57
2.5687
2.7498
2.6233
2.5126
2.5029
2.5428
2.5797
2.5656
2.7507
2.7103
2.6064
2.5627
2.6731
2.6882
2.5379
2.5099
2.5845
2.4251
2.5751
2.5198
2.4206
2.6662
2.4611
2.5682
2.6878
2.6075
2.5229
2.76
2.4921
2.6546
2.3863
2.6579
2.481
2.7922
2.5284
2.4451
2.568
2.5616
2.5233
2.5183
2.6226
2.589
2.4972
2.5252
2.6054
2.8437
2.6154
2.5074
2.4632
2.553
2.5724
2.6382
2.6095
2.6461
2.6467
2.4344
2.5207
2.54
2.4533
2.598
2.4426
2.5613
2.5472
2.4212
2.6175
2.6086
2.6581
2.5777
2.689
2.7515
2.6267
2.7568
2.6893
2.6618
2.7645
2.5074
2.5928
2.5899
2.5293
2.5796
2.4527
2.5201
2.4682
2.6311
2.4627
2.4308
2.6677
2.5698
2.5768
2.5967
2.5645
2.5466
2.7143
2.4817
2.6189
2.7864
2.6157
2.5503
2.6363
2.4995
2.5712
2.6619
2.4881
2.6371
2.5743
2.7659
2.5367
2.5114
2.6154
2.6035
2.6115
2.5546
2.5404
2.6288
2.6724
2.692
2.6602
2.6865
2.4959
2.591
2.5673
2.7139
2.6677
2.5171
2.4421
2.5959
2.6212
2.7387
2.4946
2.6071
2.4998
2.6237
2.5506
2.6718
2.5394
2.6967
2.6261
2.5193
2.6513
5.093
4.7673
6.8188
6.3161
4.8904
5.3148
2.6439
2.6747
2.5467
2.5173
2.5172
2.558
2.4987
2.6939
2.6337
2.5799
2.6283
2.6248
2.486
2.6282
2.4049
2.5518
2.5602
2.7062
2.5745
2.5239
2.5691
2.5434
2.3929
2.5483
2.5237
2.5768
2.5294
2.6846
2.5667
2.5261
2.5334
2.5315
2.7176
2.5104
2.5828
2.5589
2.4433
2.5021
2.6676
2.587
2.7436
2.6189
2.6153
2.8387
2.5783
2.4634
2.6853
2.5484
2.689
2.5643
2.4164
2.6209
2.5837
2.6677
2.6923
2.5202
2.7231
2.6041
2.7933
2.7673
2.6144
2.5909
2.5434
2.6132
2.5333
2.5439
2.6158
2.5968
2.5971
2.5255
2.5908
2.6252
2.6454
2.53
2.7214
2.6053
2.5894
2.4443
2.6065
2.4589
2.6178
2.6588
2.6682
2.6325
2.5746
2.6121
2.5761
2.5724
2.5732
2.5944
2.515
2.6697
2.5341
2.5537
2.5533
2.4552
2.64
2.5672
2.688
2.4488
2.5891
2.5379
2.6269
2.6249
2.5776
2.5519
2.6534
2.5096
2.5266
2.6157
2.5628
2.7334
2.4764
2.8071
2.5186
2.4334
2.5722
2.6268
2.5533
2.5849
2.6268
2.5049
2.5055
2.5983
2.766
2.6517
2.9578
2.5672
2.6566
2.7282
2.7351
2.4096
2.6979
2.6486
2.6642
2.6565
2.6037
2.4928
2.6313
2.5471
2.5759
2.6471
2.4915
2.5009
2.5185
2.5546
2.516
2.6059
2.534
2.5359
2.5772
2.708
2.5372
2.7356
2.5731
2.6005
2.7321
2.5104
2.5862
2.6768
2.53
2.5634
2.5862
2.5821
2.6081
2.5125
2.5558
2.6013
2.5018
2.9572
2.514
2.5454
2.4775
2.5154
2.5586
2.4714
2.4932
2.5488
2.63
2.4524
2.5877
2.5114
2.5065
2.6327
2.586
2.5872
2.5376
2.6599
2.5508
2.6932
2.5967
2.6615
2.5304
2.4429
2.6557
2.5247
2.6129
2.6505
2.5579
2.5638
2.712
2.608
2.5487
2.4299
2.7156
4.8034
4.1154
4.2949
3.8955
3.7932
4.7575
3.6924
4.3465
4.0961
4.1788
4.7477
5.2861
2.6271
3.6187
2.6652
2.6879
2.6084
2.6044
2.5425
2.4562
2.4775
2.6576
2.6394
2.6333
2.5082
2.5701
2.4771
2.5144
2.7103
2.4788
2.6299
2.5255
2.5223
2.584
2.5999
2.6531
2.5075
2.5373
2.506
2.5757
2.6044
2.5259
6.5954
6.8619
6.3821
6.1501
6.1172
6.9067
6.9805
6.1013
6.5315
7.1311
5.6455
6.5969
6.3993
6.4645
6.6335
6.4049
6.8003
6.6906
6.8961
7.5921
6.887
7.0437
6.1395
7.4468
6.8006
6.9458
7.0587
6.7339
6.4098
6.0754
5.3649
5.9389
5.9383
6.8622
7.2725
6.3906
6.0417
6.3445
5.6159
5.3681
5.0054
4.8823
4.7423
4.8853
6.1974
5.0681
5.7551
5.6391
5.9669
4.7849
5.2551
5.4343
5.7296
4.8352
5.6725
6.4183
5.231
5.6711
5.5402
5.047
5.4477
5.5458
6.3974
5.1532
5.1843
5.9622
5.6652
5.1982
5.4085
5.5791
5.9897
5.1609
5.0934
5.8765
5.002
5.4975
5.838
4.9695
5.2946
5.5844
4.2652
4.9754
6.1897
5.1953
4.5981
4.8802
4.7513
5.482
6.6471
6.1983
5.0354
4.1713
5.6046
5.9054
5.6556
5.4788
5.4973
5.2843
5.3311
5.593
5.9964
5.0046
6.5453
4.9198
5.9732
5.9506
5.5822
5.3762
5.9495
5.4205
5.3425
5.4134
6.2972
5.6231
5.1916
5.8494
5.3876
6.2241
6.0266
5.7249
5.6901
6.2924
6.0383
5.7792
5.7175
5.3088
6.4638
5.9983
5.4342
6.3019
5.3684
5.6669
5.7649
5.7045
5.7559
5.8429
5.6909
5.0521
5.3944
6.2598
5.6034
5.802
5.8083
5.7626
6.0638
5.4527
5.7856
5.583
6.2336
5.237
6.4126
5.9506
5.9095
5.5475
5.7214
5.4762
5.2189
6.3995
5.991
5.8699
6.4536
6.0547
5.5025
6.2064
5.4316
5.6316
5.5771
6.192
5.2414
6.0192
5.1475
4.9576
5.8558
5.5094
5.2186
4.6948
5.2747
4.8445
5.4632
5.8168
5.8862
5.0415
5.5993
5.4456
5.1912
4.8856
5.382
5.1243
5.3647
5.9063
6.5641
6.2211
5.3105
5.2665
5.7792
6.3348
5.7845
5.2608
5.7617
4.5944
5.263
4.8999
5.6365
5.2745
6.1442
5.626
5.6199
5.5669
6.237
4.2587
5.7258
5.6789
5.5787
5.3809
5.8976
5.4567
5.2853
5.291
5.5049
6.1626
5.5236
5.3159
5.3324
5.494
5.7768
6.0843
5.48
5.7948
5.0694
6.1926
6.3125
5.1597
5.3287
5.6892
6.0092
5.867
5.1511
5.2246
5.4686
5.2628
5.8119
5.9534
5.4599
5.1294
5.1405
6.608
6.4965
6.3014
6.1837
5.9195
6.4378
6.2931
6.3263
5.7334
5.2536
5.5408
5.5603
6.0217
5.6976
5.9108
6.4731
5.9243
5.9453
5.4463
5.6378
5.5466
5.776
5.6533
5.5911
5.2138
5.8684
5.5659
5.4577
5.1216
5.5507
5.4473
5.4531
5.8672
5.7222
4.7246
4.8254
5.9377
5.7195
4.6897
5.118
5.1581
4.9766
5.3543
6.164
5.9339
5.1985
5.7712
5.146
5.4064
5.1284
4.9724
5.3316
5.7939
5.4203
6.0243
5.3168
4.8135
6.6429
4.9157
5.7152
5.3257
5.3452
5.5458
5.2696
5.4992
5.4475
5.2046
4.8808
5.0556
4.8474
6.6689
5.6646
5.9984
5.0395
5.7558
5.6409
5.5946
6.2207
5.2022
5.7561
4.9313
6.333
5.801
5.7518
5.3572
6.2612
5.4565
5.8707
4.6001
5.2018
6.2943
6.3852
5.5974
5.7027
5.6329
5.4696
5.5396
5.5095
5.6034
5.5438
5.6229
6.6272
5.4699
5.563
5.9245
6.2321
5.7845
5.1824
5.2727
5.4213
5.7461
6.0748
4.7148
5.3265
5.4815
6.3966
5.6216
6.0617
4.8763
5.6801
5.3878
5.8519
4.8268
5.3941
4.828
5.4055
4.864
5.6275
6.0105
5.1332
5.8961
4.9653
5.4525
5.6769
5.8849
6.476
6.5212
5.3983
6.6791
6.2831
5.9717
5.7995
5.8716
5.7574
6.0482
6.0336
4.9395
6.1019
5.2651
5.7998
4.966
5.64
5.4472
5.7679
6.2426
5.6857
6.0291
5.5212
5.8928
4.6054
5.361
5.7831
5.7726
5.3768
6.3259
5.8288
5.8032
5.5501
5.8327
4.8424
5.7168
4.4128
5.7084
6.1054
4.7523
5.0327
4.8776
5.8589
6.2475
5.6856
6.0202
5.0471
6.0909
5.3324
6.3897
5.7963
5.3734
5.3399
5.9733
5.0538
5.1894
5.7131
5.7849
5.5349
5.6253
4.5854
5.7508
5.6937
5.3178
5.7589
5.4881
5.2266
5.1347
6.0926
5.5874
5.2716
5.0872
5.5343
4.3984
5.3061
5.502
5.1518
5.5267
5.314
4.4516
4.898
5.9641
4.9488
4.2797
5.8831
6.1375
5.4485
5.6038
6.731
5.1538
5.57
5.4233
5.5733
5.4612
4.7757
5.0369
4.7563
5.194
5.0296
5.7058
5.3423
5.9254
4.6028
5.4983
5.3462
4.5363
5.6628
5.2284
5.0881
5.1931
4.9044
4.8371
5.3493
5.8505
5.0284
5.6079
5.3788
5.6975
5.661
4.909
4.3784
4.677
5.9706
5.4311
5.2321
4.668
6.2233
5.3542
5.3921
4.8864
4.9809
5.5247
5.0583
5.2112
4.7914
5.6996
4.8585
5.1627
4.4324
5.0918
5.1793
4.7229
4.4478
4.9152
4.6324
4.7396
4.7675
4.7574
4.5965
4.2941
4.179
3.8127
4.519
4.6017
4.5481
4.0407
4.4338
4.4686
4.2753
5.11
4.6215
4.0428
4.7557
4.2175
4.3415
4.4139
4.3877
4.613
4.6535
4.4232
3.9528
4.575
4.2618
4.6671
5.1496
4.4697
4.3579
4.8324
4.0699
4.5385
4.106
4.1983
4.3544
4.4076
4.5472
4.4875
4.3529
4.6895
4.471
4.5026
4.6945
4.4809
4.4386
4.3847
4.4684
5.3537
4.5426
4.8784
4.3577
4.4844
4.8951
4.62
4.6146
4.6239
4.573
4.499
4.5696
5.0204
4.8158
4.5234
4.5258
4.0835
4.7136
4.6969
4.5608
4.5358
4.1346
4.496
4.1064
3.9375
3.9546
5.2777
4.9109
4.1572
4.4996
4.4633
4.2057
4.3425
4.7022
4.0546
4.5578
4.3364
4.6004
4.9633
4.3346
4.0933
3.9828
4.933
4.5303
4.3852
4.2918
3.8125
2.5063
4.7106
5.045
4.529
3.9445
4.5187
4.2401
4.7852
4.0963
4.6469
4.2558
4.1557
4.648
4.3413
5.0412
5.7523
4.1066
4.6039
4.3758
4.8061
3.8282
4.7883
4.7476
4.3481
3.914
3.9838
5.6479
4.0295
6.3923
5.8427
5.3574
4.5965
4.5051
4.8878
4.31
5.3778
4.2121
4.6635
4.7242
4.9649
4.7263
4.9703
4.8625
4.6635
5.7426
4.7611
4.0371
5.0766
4.5288
5.0785
4.1456
4.8328
4.6688
5.0141
5.0677
5.0029
5.3297
4.9117
4.6623
4.9701
5.0468
4.3945
3.9931
4.5556
4.1998
4.3718
4.2035
5.373
4.9159
5.1514
5.067
4.8142
4.7441
5.2656
5.6928
4.494
4.5878
5.4794
6.0325
5.9652
4.9166
4.8372
5.1106
5.6014
5.4326
6.3435
6.4106
4.9174
5.2323
5.0009
5.1644
5.4589
5.4199
4.1989
4.6694
5.3125
5.2337
4.2779
5.1409
5.267
4.3693
4.7806
5.5478
5.0048
5.8777
5.2217
5.5073
4.7876
4.9148
5.0756
5.6442
5.017
5.0165
4.8546
5.0668
4.8458
5.2284
5.1494
5.675
5.5158
5.2742
4.2279
4.7974
4.5641
4.6194
4.4906
5.1159
4.7411
5.4792
4.4997
4.5089
4.686
4.2758
5.098
4.8062
4.6057
4.2129
4.9227
4.036
4.3292
5.0171
5.3967
4.7624
5.3904
5.4696
5.1887
5.0682
5.3758
4.4524
5.0189
5.2692
5.126
5.0198
5.3588
5.5966
4.9065
5.3384
4.9829
5.4629
5.9313
6.1156
4.3841
4.8205
4.7598
5.0984
4.542
5.1162
4.5223
4.4185
4.2694
4.0215
5.0416
4.1062
4.9669
4.6631
4.0522
5.2521
4.2964
5.2778
4.2511
4.0368
5.3038
5.0204
4.1426
3.9482
4.4354
4.5078
4.438
4.1498
3.8716
4.4793
4.0704
6.6593
3.7063
3.8574
3.8221
3.6705
3.6833
4.2749
2.747
3.7522
4.2478
3.4789
3.209
2.5658
2.5786
3.8352
4.03
4.3416
4.177
5.9456
4.6013
4.6457
5.3691
4.3555
4.7567
4.473
4.6229
4.4677
4.3857
4.8219
5.1546
5.4459
4.8088
4.997
5.4293
4.4659
4.5688
4.089
5.5524
4.2311
4.3197
4.4382
4.2875
4.931
4.0154
5.1738
4.3629
5.0146
5.3684
4.3201
4.2866
4.5228
4.9264
4.7473
5.3795
5.3356
5.5057
4.6146
4.636
4.7661
4.7227
4.5563
5.4332
5.4749
5.4295
5.8116
5.9239
5.1855
4.5248
4.3973
4.5793
5.0149
4.8484
4.9087
5.1647
4.6072
4.2835
4.6659
4.6867
4.9708
3.9859
4.923
4.8827
4.4725
4.7076
4.4068
4.3641
4.4127
5.277
4.7452
4.9482
4.2784
4.6783
4.4418
4.8979
4.8492
4.4036
4.7501
4.4331
4.6441
5.3067
6.1333
5.4219
5.0722
5.0265
4.1681
4.2253
5.8927
5.3393
5.2705
5.3077
4.2379
4.5176
4.8249
4.6962
5.6956
5.5037
5.3134
5.0134
4.5943
4.8505
5.0418
4.6087
5.5524
5.5537
5.0614
5.1276
4.8728
5.2836
5.2099
5.5304
5.0885
5.3433
5.1754
5.3126
5.0299
4.6847
5.5759
5.1818
4.7513
5.8086
5.2538
5.0044
4.8909
5.0078
5.252
5.0813
4.9296
5.1153
4.8388
6.0049
5.3979
5.1251
4.3867
6.3777
6.0967
6.562
6.0324
6.3821
6.4309
6.1696
5.3374
3.6909
5.252
6.7599
6.2385
5.6699
4.3231
6.0996
5.4724
5.5114
5.4772
5.2675
6.1771
6.4013
4.5054
4.7461
5.8978
5.6806
5.3758
6.8846
4.7317
5.0162
5.0369
4.7808
6.4467
6.9493
6.3001
6.5903
6.8471
6.6947
4.7198
2.661
2.5714
2.5962
2.6579
2.6349
2.5838
2.6604
2.7708
2.5271
2.5261
2.6658
2.8417
2.6524
2.5595
2.5413
2.7151
2.4916
2.4928
2.665
2.6534
2.7579
2.56
2.6958
2.5824
2.6338
2.6438
2.553
2.6909
2.6282
2.5404
2.7
2.861
2.5323
2.5464
2.6959
2.6699
2.6355
2.6451
2.6359
2.6537
2.5044
2.8518
2.7039
2.872
2.5945
2.7339
2.7656
2.6458
2.5959
2.4739
2.7285
2.602
2.6153
2.6202
2.6818
2.607
2.7174
2.5584
2.5579
2.6205
2.426
2.5827
2.5782
2.5863
2.6207
2.582
2.4928
2.7709
2.654
2.6173
2.6016
2.6439
2.6083
2.5232
2.63
2.5287
2.6527
2.5418
2.8175
2.812
2.6848
2.6351
2.689
2.5038
2.7595
2.6255
2.8147
2.6288
2.5343
2.6703
2.618
2.5913
2.6232
2.7992
2.477
2.8123
2.6279
2.7146
2.724
2.5367
2.4807
2.6076
2.7025
2.6387
2.7706
2.5192
2.7018
2.5654
2.6071
2.5119
2.7168
2.6065
2.6223
2.5196
2.4987
2.5502
2.8571
2.6171
2.6009
2.7744
2.483
2.5896
2.637
2.6639
2.5363
2.6406
2.6635
2.695
2.7679
2.5887
2.7739
2.5704
2.7009
2.5593
2.8214
2.6232
2.6256
3.0899
2.5911
2.7196
2.6081
2.5742
2.5834
2.643
2.5122
2.6978
2.62
2.6193
2.5571
2.7117
2.6997
2.704
2.6262
2.6013
2.5346
2.7448
2.5166
2.701
2.5664
2.5723
2.5609
2.6369
2.6664
2.5842
2.6391
2.6111
2.5575
2.5301
2.6092
2.5685
2.8016
2.4791
2.5582
2.7711
2.5495
2.4478
2.6591
2.4617
2.5466
2.6043
2.6815
2.7315
2.8351
2.6212
2.6828
2.6198
2.6262
2.7092
2.532
2.6451
2.6489
2.6554
2.7114
2.5657
2.721
2.6411
2.7026
2.6487
2.6774
2.5317
2.6384
2.5838
2.6084
2.5456
2.5528
2.5737
2.5451
2.541
2.5523
2.7196
2.7034
2.5056
2.4933
2.776
2.8555
2.7589
2.9696
2.7822
2.5391
2.7333
2.7985
2.5879
2.632
2.7318
2.591
2.4455
2.591
2.4697
2.6728
2.5021
2.7438
2.5815
2.6012
2.5799
2.8142
2.7543
2.5298
2.616
2.7222
2.6166
2.5761
2.5651
2.6628
2.6492
2.4922
2.6423
2.8691
2.6754
2.6222
2.6124
2.5772
2.484
2.9002
2.9038
2.6619
2.7017
2.5514
2.595
2.5532
2.5432
2.6892
2.6944
2.6079
2.6067
2.5375
2.5877
2.5455
2.6194
2.7101
2.5893
2.7835
2.6386
2.6287
2.528
2.598
2.7134
2.6333
2.4622
2.7087
2.7156
2.6568
2.9737
2.7689
2.7246
2.8155
2.7541
2.7303
2.4992
2.6819
2.6733
2.6168
2.7698
2.7336
2.5185
2.6788
2.5443
2.6411
2.6248
2.5945
2.5328
2.5967
2.5855
2.548
2.6436
2.5925
2.5422
2.5034
2.8966
2.6187
2.754
2.7073
2.6545
2.5429
2.4727
2.6343
2.5948
2.6351
2.713
2.5514
2.7674
2.5938
2.6058
3.0035
2.6446
2.582
2.6794
2.6214
2.6768
2.5807
2.6461
2.5775
2.5961
2.5743
2.4928
2.5884
2.5443
2.5045
2.6589
2.5145
2.7002
2.5494
2.6212
2.5468
2.6382
2.5503
2.6393
2.5666
2.6232
2.6521
2.4832
2.5853
2.6084
2.7452
2.6059
2.5087
2.7829
2.4133
2.5473
2.6437
2.6203
2.5404
2.7265
2.6275
2.5888
2.645
2.5563
2.8123
2.4925
2.6131
2.7563
2.5634
2.9505
2.6423
2.6367
2.7047
2.6429
2.622
2.6107
2.6768
2.722
2.7374
2.8095
2.6249
2.5175
2.6304
2.5854
2.7653
3.4995
2.542
2.6885
2.6392
2.6253
2.626
2.5208
2.6221
2.6392
2.57
2.5532
2.6516
2.5744
2.7156
2.5115
2.6028
2.5801
2.442
2.6119
2.6608
2.5518
2.5761
2.5017
2.6504
2.5195
2.769
2.644
2.7246
2.6921
2.6154
2.5539
2.588
2.6897
2.6015
2.653
2.671
2.6815
2.673
2.6649
2.589
2.6494
2.5174
2.7387
2.6823
2.6135
2.7447
2.7666
2.6518
2.6194
2.4619
2.6213
4.0018
2.7484
2.6688
2.9229
2.6319
2.6823
2.5486
2.632
2.4651
2.5318
2.7866
2.6376
2.5597
2.7528
2.5893
2.6169
2.7339
2.8515
2.4772
2.5657
2.4541
2.5934
2.6894
2.5697
2.5883
2.5616
2.6767
2.5547
2.5216
2.6009
2.6266
2.7147
2.5682
2.5544
2.691
2.6216
2.573
2.5473
2.4902
2.8008
2.6384
2.7658
2.6316
2.5938
2.6122
2.6803
2.4653
2.6504
2.548
2.5998
2.5099
2.4987
2.5054
2.5003
2.7019
2.5235
2.694
2.5643
2.6203
2.6495
2.8179
2.5893
2.4893
2.5869
2.8216
2.5958
2.6308
2.5679
2.5151
2.7071
2.6188
2.6337
2.5316
2.5499
2.5364
2.5916
2.6657
2.5743
2.605
2.519
2.5588
2.6534
2.6465
2.518
2.687
2.6261
2.9248
2.6121
2.6642
2.5774
2.5704
2.5341
2.649
2.5486
2.6028
2.4911
2.6998
2.5241
2.7918
2.5358
2.5961
2.5279
2.9171
2.6654
2.4842
2.5181
2.5805
2.5147
2.7841
2.6531
2.6637
2.5381
2.6433
2.7564
2.5531
2.6082
2.6112
2.5883
2.6969
2.5346
2.6186
2.5552
2.5957
2.5666
2.66
2.5721
2.8005
2.5667
2.6318
2.5939
2.6282
2.5686
2.7119
2.6321
2.6166
2.9559
2.5302
2.5951
2.6033
2.6156
2.5869
2.3967
2.4754
2.7545
2.6601
2.7635
2.5288
2.7965
2.6096
2.5579
2.6442
2.5383
2.5224
2.6624
2.6479
2.5384
2.5943
2.6191
2.8272
2.5852
2.6913
2.5256
2.5536
2.6364
2.7529
2.5825
2.6745
2.5618
2.6172
2.574
2.8025
2.7678
2.5554
2.6908
2.5418
2.7426
2.5019
2.7592
2.5862
2.7921
2.6254
2.4792
2.6468
2.6625
2.6144
2.6462
2.7034
2.5934
2.869
2.5102
2.7286
2.8199
2.6269
2.5351
2.6835
4.7132
2.813
2.5609
4.3914
2.8089
2.92
3.1991
2.5239
2.6091
2.5654
2.5399
2.5942
2.5544
2.5519
2.6918
2.6057
2.6307
2.6107
2.627
2.7197
2.7357
2.78
4.129
5.9838
6.0648
6.0935
6.1726
6.7996
7.2458
7.4349
7.2576
6.1534
7.0981
7.6624
6.8293
7.1573
6.6087
6.8479
6.4773
4.7831
4.3273
4.9068
6.8226
6.3867
6.1663
6.2508
6.027
6.7506
6.8274
5.63
5.3074
6.2272
5.6098
5.03
5.4738
4.9594
3.9663
4.6544
5.7442
5.0614
6.5641
4.9848
7.0631
6.3512
5.7621
5.4955
4.3354
7.3914
6.4271
5.7988
6.0207
6.3895
7.152
4.9135
7.4581
7.0105
5.8401
5.0925
5.923
6.3197
5.2401
6.6713
5.6144
6.5266
6.82
5.1556
6.4297
4.6414
5.8604
6.5413
5.0864
5.593
5.2483
5.4061
5.7443
5.1966
7.603
6.9801
5.9068
6.4396
5.3939
5.9208
6.3177
4.6044
6.02
5.6949
5.7914
5.9243
6.3613
5.0386
5.3499
5.3478
4.7789
6.1773
4.8264
5.9246
5.1689
6.3632
6.114
5.4825
5.8239
5.1269
4.6468
5.8846
4.8656
4.3865
4.7921
4.8083
4.4917
5.1496
5.2043
5.7977
5.7769
5.286
5.1386
6.0752
5.6335
5.7119
4.8417
5.8992
5.3575
5.6028
5.318
4.7954
5.9789
4.7942
6.3464
5.4041
5.6084
4.8946
5.2225
5.6175
5.9053
6.1488
5.9144
5.2008
6.1094
5.8023
5.657
4.1362
6.1604
6.3196
6.2649
6.284
6.0292
5.3271
5.8974
5.9268
6.1077
5.986
5.314
5.5694
5.4635
5.801
6.2472
6.1544
5.1262
5.2961
4.3981
5.9583
5.8087
6.0632
6.2946
6.2784
6.6923
6.9024
6.6764
5.1457
5.1574
6.2306
5.9674
6.5664
6.1017
5.3855
6.9848
6.6086
6.9305
6.7704
5.3441
6.4626
5.277
5.6227
6.9591
6.0447
6.6002
6.8352
5.7203
5.6125
6.1675
5.7003
6.6759
5.8902
5.5744
6.0141
6.1553
6.0721
6.8672
6.1329
5.6591
6.0942
6.5688
5.1747
6.2468
6.0654
6.4159
5.9497
5.8552
5.2615
6.6229
6.2211
5.7112
5.0674
5.6848
4.7919
6.3971
5.8287
5.3138
4.6526
6.6539
4.5891
5.0304
5.8891
6.4332
5.0913
5.7355
6.1443
7.3784
6.0357
6.0839
6.0584
6.0344
6.5097
6.0896
5.5521
6.5106
6.0064
5.5447
5.8475
5.7884
7.4602
6.9009
6.3273
5.7611
6.0446
6.1804
6.8406
5.3841
6.0634
6.344
5.6711
5.8717
6.5082
6.4271
6.3791
6.1919
6.4821
6.9237
6.1096
5.957
6.0599
6.0876
6.5086
6.1522
5.3554
6.1682
6.5434
5.8211
6.1924
5.7949
5.3637
5.7485
4.957
5.4075
5.8434
5.9777
6.0473
5.7153
7.3604
6.7466
6.7954
5.3536
7.0225
6.1236
6.7225
7.1031
6.0783
5.7672
7.1458
7.105
7.7513
7.1391
6.2912
6.4255
6.0375
6.2165
6.9717
6.2825
5.3002
5.768
6.0618
5.8492
7.0923
6.5871
6.3691
5.3026
6.2834
7.2757
6.0979
6.4269
6.0176
5.6493
5.7367
6.1915
5.8218
7.0998
6.012
6.1488
6.4834
5.6172
4.6903
5.7724
6.0311
6.3514
5.1427
5.8896
4.8772
4.7825
6.7185
6.1018
6.0663
4.6498
6.683
6.611
6.1165
5.1728
5.8648
5.5003
4.1404
4.9994
4.425
4.6226
4.0419
2.6707
3.4498
2.6388
2.5761
2.5462
2.6362
2.7203
2.6571
2.6644
2.544
2.6212
2.5163
2.693
2.6916
2.7504
2.6066
2.5218
2.7201
2.6023
2.7797
2.6475
2.8249
2.7193
2.913
2.9151
3.5794
3.9539
4.7315
5.1754
4.3357
2.6306
2.948
2.4607
2.5053
2.9111
2.6511
2.556
4.7059
2.9117
2.65
2.5735
2.8247
2.6167
2.7015
2.4996
2.5466
2.5194
2.6568
2.6003
2.5511
2.6464
2.6047
2.5156
2.5071
2.6114
2.5968
2.5929
2.6372
2.523
3.9887
2.6018
2.6891
2.6043
2.6579
3.9919
4.2917
4.3219
4.3981
4.3126
4.3234
3.9466
4.0279
3.9723
4.4049
4.3175
4.0823
4.1287
4.1999
4.1937
4.07
4.2196
4.0571
4.3559
4.4394
4.5757
4.3689
3.8751
4.3031
3.9821
5.1648
4.7115
2.6467
2.5614
2.6487
2.701
2.4569
2.5564
2.7514
2.4448
2.5818
2.6759
2.6064
2.5249
2.4905
2.9139
2.5217
2.5264
2.747
2.5789
2.5461
2.5654
2.4842
2.617
2.5917
2.5304
2.6491
2.6221
2.5772
2.4642
2.5357
2.5459
2.6842
2.7344
2.6266
2.645
2.4987
2.5409
2.6975
2.5293
2.656
2.5713
2.7075
2.6469
2.522
2.6241
2.5611
2.6365
2.6998
2.5742
2.5147
2.5787
2.5775
2.7983
2.823
2.6572
2.5977
2.6233
2.778
2.4958
2.6055
2.5866
2.6525
2.5104
2.6955
2.5322
2.4933
2.4712
2.7686
2.6122
2.4742
2.5693
2.7212
2.5433
2.5807
2.6036
2.5534
2.5114
2.4128
2.4633
2.5087
2.6967
2.5153
2.6727
2.5796
2.4602
2.5409
2.6062
2.5686
2.5218
2.573
2.7457
2.6864
2.6777
2.5478
2.5444
2.6022
2.5233
2.4853
2.5769
2.5796
2.5005
2.5719
2.584
2.6717
2.4834
2.6369
2.5702
2.553
2.6299
2.6693
2.5855
2.5755
2.647
2.652
2.5867
2.6147
2.5649
2.4724
2.5505
2.6274
2.6386
2.6071
2.5621
2.5066
2.6396
2.8098
2.4727
2.633
2.6085
2.5773
2.5363
2.6056
2.6542
2.5813
2.6977
2.7746
2.4984
2.7063
2.5372
2.5935
2.6951
2.4715
2.5739
2.7371
2.554
2.5235
2.6083
2.5189
2.633
2.7876
2.5693
2.5598
2.6537
2.5871
2.7246
2.612
2.5852
2.8706
2.6313
2.5881
2.6835
2.7316
2.6396
2.7246
2.7345
2.4715
2.4787
2.4917
2.7046
2.5771
2.5324
2.5862
2.4992
2.531
2.5115
2.5609
2.8462
2.6119
2.5904
2.6325
2.5403
2.5262
2.7698
2.8008
2.7593
2.6196
2.4686
2.5351
2.5838
2.9666
2.6296
2.5784
2.7183
2.4155
2.5671
2.5581
2.648
2.6486
2.7132
2.7195
2.5749
2.4184
2.5522
2.4932
2.5689
2.548
2.6651
2.5303
2.7021
2.6532
2.5681
2.6449
2.5827
2.7385
2.6161
2.7169
2.6494
2.7848
2.4857
2.5093
2.6524
2.6889
2.5288
2.5048
2.6606
2.6448
2.6205
2.5515
2.6084
2.7005
2.6537
2.5937
2.6245
3.0457
2.6764
2.5414
2.5704
2.4968
2.4939
2.6608
2.4524
2.7121
2.5795
2.6086
2.4593
2.6418
2.7467
2.755
2.5753
2.673
2.5578
2.5492
3.7901
2.776
2.464
2.6212
2.6166
2.5141
2.7591
2.8192
2.5328
2.6851
2.499
2.4034
2.608
2.581
2.5863
2.5619
2.538
2.5804
2.4599
2.7416
2.5914
2.6547
2.645
2.508
2.6534
2.6364
2.5359
2.7353
2.6464
2.5211
2.4568
2.7663
2.5264
2.5284
2.6005
2.5436
2.4627
2.6106
2.619
2.6315
2.7772
3.7025
3.2168
3.1031
3.5863
2.6617
2.4743
2.6081
2.4471
2.544
2.5492
2.6471
2.6805
2.6662
2.4522
2.5836
2.6758
2.7192
2.584
2.707
2.628
2.6794
2.6606
2.825
2.7399
2.5325
2.5349
2.5953
2.724
3.3944
2.5335
2.4877
2.7436
2.5986
2.5142
2.5262
2.5665
2.6373
2.576
2.49
2.5231
2.6967
2.886
3.1282
2.5483
2.5705
4.4419
2.577
2.7444
2.6174
2.6143
2.5549
2.5511
2.531
2.7027
2.5876
2.6376
2.61
2.8351
2.8073
2.6532
2.523
2.7882
2.6417
2.5582
2.5186
2.5123
2.4993
2.6048
2.7129
4.0096
2.6645
2.466
2.6969
2.5265
2.5757
2.6273
2.6433
2.548
2.5779
2.5039
2.538
2.5897
2.6968
2.6398
2.7584
2.4851
2.5923
2.7489
2.6125
2.5196
2.7747
2.7048
2.6606
2.6179
2.7966
2.518
2.6099
2.6445
2.7179
2.5878
2.544
2.4458
2.7116
2.5471
2.79
2.7694
2.554
2.5502
2.6386
2.6181
2.5471
2.6931
2.5964
2.5966
2.6502
2.6852
2.7161
2.5965
2.6893
2.607
2.7033
2.9475
2.5877
2.7601
2.6331
2.6133
2.7294
2.5004
2.4607
2.7845
2.5857
2.5085
2.5852
2.549
2.5257
2.5117
2.4332
2.5684
2.5978
2.5428
2.8638
2.7553
2.6805
2.6062
2.8352
2.5643
2.7056
2.613
2.6846
2.7282
2.5958
2.7333
2.7142
2.6776
2.6068
2.5955
2.6526
2.5897
2.5496
2.5546
2.6188
2.609
2.7673
2.6902
2.6556
2.5798
2.6561
2.6294
2.7445
3.8657
2.7657
2.5594
2.7852
2.6694
2.5773
2.6832
4.3021
4.0608
2.932
4.7782
4.2407
2.8106
2.9156
2.9098
2.5814
6.0495
2.6398
3.2033
2.6077
2.6827
2.677
2.7821
2.6586
2.6303
3.5445
4.4608
2.6053
2.7389
4.6071
2.6373
2.8215
2.5787
2.5203
2.6343
2.6151
2.6255
2.7014
2.6053
2.5373
2.6349
2.6465
2.578
2.6345
2.6879
3.1405
2.6548
2.5769
2.5996
2.5235
2.6135
2.5933
2.6897
2.6287
2.7038
2.481
2.5937
2.5618
2.4871
2.7332
2.5756
2.5435
2.6016
2.5679
2.5704
2.7169
2.6925
2.6396
2.5814
2.7558
2.4963
2.7065
2.6827
2.6722
2.6061
2.6352
2.5503
2.5598
2.5815
2.5974
2.7267
2.5597
2.6121
2.6885
2.5435
2.6198
2.6155
2.4877
2.598
2.5389
2.6006
2.5714
2.6368
2.4833
2.7259
2.7009
2.5762
2.8019
2.6296
2.7365
2.5854
2.5871
2.625
2.7353
2.496
2.6687
2.574
2.8034
2.6448
2.5367
2.6526
2.8506
2.6335
2.7201
2.5891
2.6547
2.5635
2.5169
2.624
2.7393
2.5103
2.5949
2.6052
2.4949
2.649
2.5701
2.4645
2.5852
2.6784
2.6742
2.4696
2.5738
2.6592
2.7314
2.6124
2.4435
2.5007
2.628
2.6257
2.4961
2.642
2.5784
2.6121
2.6603
2.561
2.5594
2.4961
2.5297
2.5669
2.5174
2.512
2.5349
2.5402
2.5384
2.6082
4.7391
5.3787
4.6639
5.5714
5.7653
4.371
3.9851
5.0032
6.1936
5.5848
4.674
4.6758
4.7575
4.9429
5.1008
5.746
5.0966
5.0415
5.7709
4.5062
4.7316
4.4181
4.1997
5.6705
5.4099
5.1921
5.3844
3.8469
5.0887
6.2567
6.2266
6.4764
6.7272
6.3314
6.2752
6.7029
6.1337
5.9671
7.5603
6.3184
6.24
7.0057
6.8303
5.7749
5.8669
4.7099
5.6366
6.1083
5.2427
7.0183
5.9397
6.4546
7.0681
7.0589
7.2208
7.2819
6.2664
6.9325
6.93
6.082
7.0802
6.8126
7.36
5.9803
7.16
7.2671
6.2548
6.7439
6.8784
6.5783
6.4465
6.9828
6.7567
7.1422
6.1964
6.5268
7.4881
6.7062
6.7269
5.6124
6.4377
7.0348
6.9597
6.868
6.8974
6.8507
6.6987
6.9924
7.1768
6.189
6.2052
6.3013
6.4258
6.4014
6.0374
6.6089
6.2248
7.0107
6.8691
6.5969
6.8905
6.3293
6.637
6.9458
6.7577
6.3981
6.7273
6.2081
4.4393
2.7007
2.7091
2.7115
2.7052
4.9769
6.04
5.7508
2.4298
2.5928
2.5434
2.7587
2.825
2.5227
4.2025
4.3454
4.6293
6.5676
6.9919
6.3446
6.6241
5.8266
6.7306
6.3168
6.9279
7.1529
6.4252
6.7725
6.9211
6.4329
6.9912
6.829
6.9395
6.4217
6.9022
5.9744
6.2632
5.5268
5.3313
5.843
6.431
6.5414
6.7654
6.7989
5.9533
6.0827
7.5032
7.2928
6.6369
6.4789
6.2718
6.7615
7.2479
6.2301
6.8187
6.1678
6.5614
5.6869
6.9072
6.6053
6.533
7.5339
6.7476
7.0837
7.191
6.8064
6.28
6.1669
6.5868
6.1333
6.4967
6.2772
4.3714
6.3298
6.6612
6.8363
6.4826
6.196
6.0334
7.0152
6.4033
7.3277
7.2232
6.6255
6.5596
6.9574
7.0108
7.0775
7.0074
6.4931
6.33
6.9323
6.3334
6.4813
6.5852
5.7891
6.4407
6.4114
6.4884
6.6176
6.591
6.3044
4.6029
6.523
7.1828
6.4131
5.8346
5.5371
3.9274
7.3338
5.8393
6.0327
6.2531
5.4374
7.0887
6.585
6.4477
6.8385
6.0437
6.4425
6.3157
6.0222
6.6621
6.9841
7.179
7.0957
6.4525
6.6997
5.5805
7.1731
7.2558
6.3207
7.0921
6.8815
6.3012
6.6226
6.5951
6.5577
6.4291
6.7923
6.7766
6.8598
6.6751
6.4889
6.2523
6.7844
6.2093
6.1736
7.1958
7.2489
7.1081
6.4268
6.9546
7.4014
6.7747
6.8475
6.7044
6.7588
5.9674
6.8351
6.8556
6.7092
6.7999
7.0646
6.4161
6.5606
6.4101
6.9644
6.4405
6.2828
6.6248
6.1777
7.0119
6.4077
7.4093
6.5318
6.9616
6.4762
6.644
6.2961
7.1307
6.4189
6.7848
7.3048
6.8561
6.3665
6.7826
8.0912
6.0831
6.5113
7.5026
6.055
5.2957
4.6543
4.4725
4.4585
4.4949
3.8314
4.4886
4.2755
4.848
4.0023
3.7981
3.7296
5.4686
4.9847
4.6034
4.9004
4.3166
4.3616
4.6715
4.9862
3.2306
4.7084
4.717
4.4349
5.2267
5.0505
4.8683
4.878
4.7009
5.094
4.5912
4.517
4.9328
4.2586
4.262
4.534
4.9416
4.628
4.8937
5.0271
4.8279
4.3693
5.1239
4.32
4.758
5.137
4.4928
4.2283
4.0366
3.4704
4.9379
4.7105
4.4613
5.008
4.7095
4.3579
4.6789
4.8929
4.9921
4.0794
4.7508
4.5342
4.1508
4.8235
5.0913
4.2824
4.574
3.4454
4.7514
4.4948
4.9446
4.7595
4.575
5.0355
4.3321
5.0587
5.073
5.2679
4.9443
4.3038
4.8369
4.5468
4.3877
4.9905
4.9773
4.8229
4.5387
4.9979
5.254
4.8802
4.6746
5.01
4.6167
4.1853
4.8489
4.8348
5.0104
4.6858
4.5976
3.8968
3.5995
5.0253
4.8275
3.8637
4.0164
4.2163
4.9385
4.7078
4.1933
4.2742
3.5957
4.7288
4.6016
4.6274
3.931
3.3173
4.113
4.3546
3.4271
3.7474
4.0182
3.7023
4.234
3.885
4.2898
4.6659
4.1926
3.9117
3.4197
3.7506
3.4981
4.9253
3.7138
3.3751
4.656
2.7357
4.2821
3.9759
3.7117
3.8827
4.2832
4.5731
3.8784
4.2314
4.5499
3.8288
3.9675
3.5081
3.9264
3.9379
4.1304
3.8284
3.8879
3.9938
4.0014
4.05
4.0418
3.8882
3.2958
4.0417
3.7545
3.4647
4.1803
3.8136
3.293
3.2929
4.8594
3.3658
4.2935
3.7414
4.0046
4.2072
4.4849
4.9296
3.661
4.0823
4.425
3.5955
4.0464
3.7104
3.8327
5.1135
4.3588
4.9238
4.3878
4.843
3.9157
4.5826
4.1791
4.2256
3.4434
3.3385
4.3076
4.2306
4.0577
3.5806
3.4719
4.887
4.4092
5.0866
4.4074
5.1301
4.9783
4.2759
3.857
4.6535
3.8906
4.3163
4.5561
4.085
4.653
4.6787
3.8563
4.8739
3.5173
5.1516
4.368
4.0881
4.4422
4.6167
4.4927
3.789
5.014
4.7424
4.3931
4.6113
3.8315
4.7903
4.134
4.2128
3.6762
3.6609
4.1057
4.0812
3.6948
4.1203
3.8384
3.7005
3.8457
3.4499
2.6569
4.2926
3.9143
4.2816
4.2377
4.3222
4.4242
4.3584
4.0854
4.069
3.8332
3.3417
3.8116
3.8522
3.9002
3.7066
3.6638
3.2335
3.8072
4.0897
3.899
3.3491
4.2108
3.524
3.5607
3.7266
3.8091
4.6667
4.2394
4.5916
4.0402
3.8287
4.4825
3.4186
4.1729
4.2593
2.5868
3.8777
4.2892
3.1817
3.5014
3.7431
3.4038
4.6131
3.3334
3.9032
3.7676
4.0318
3.5899
4.0892
4.164
3.4175
4.3311
3.6307
2.9723
4.1323
3.4168
3.9132
4.3242
4.3439
4.7801
5.0398
4.6888
4.8802
4.5632
4.2502
4.5266
3.7896
3.6272
4.2348
4.1874
3.9466
4.3919
4.5063
4.4666
4.5201
4.6815
4.0997
4.8924
4.5232
4.6293
4.3658
3.7327
4.2642
4.0569
4.3485
3.8709
3.7746
3.163
3.8158
3.3222
3.4626
3.9336
4.2507
4.8515
4.1875
3.5969
3.9016
4.8917
3.947
3.6328
4.4935
4.2265
4.2808
4.5409
4.0787
3.7989
4.2228
4.991
4.5037
4.2137
4.9833
4.4369
4.7146
3.6383
4.0747
4.0407
4.89
4.3432
3.8375
4.3936
4.3139
4.0161
4.068
3.2497
3.0588
3.5424
3.5203
4.0633
4.3137
3.876
4.2663
4.0703
3.8259
4.5166
2.6047
3.7528
3.9908
3.9538
3.1784
3.3942
3.3705
3.7116
4.0675
3.7727
3.4687
4.1321
4.3418
3.9201
4.0438
3.7922
3.9831
4.1432
4.0963
4.0308
4.1463
3.6362
3.8866
4.0319
3.7479
3.679
3.593
4.3467
4.1384
2.6584
4.3563
3.9858
4.1012
4.3447
2.5382
2.4773
3.7214
3.1786
4.1702
2.5001
2.5242
3.5862
2.7407
2.5967
3.2101
3.3886
3.8698
2.5565
2.7128
2.5966
2.837
2.5571
2.4554
2.6614
2.5924
2.4747
2.5935
2.6302
2.7267
2.8046
2.5454
2.6907
2.653
2.8046
2.699
2.5776
2.8871
2.8062
2.6517
2.5727
2.6906
2.6467
2.5499
3.8578
2.5614
2.663
2.8991
2.6261
3.5749
2.6048
2.4968
2.6712
2.8688
2.6245
2.6394
3.9444
3.1496
2.6946
2.5695
3.0084
2.7785
2.6631
2.6076
2.7446
2.7424
2.4575
2.7167
2.5055
2.6958
2.8675
2.6233
2.6527
2.6631
2.9569
2.8498
2.636
2.711
2.6215
2.7705
2.6749
2.5875
3.6172
2.4999
2.5748
2.7762
2.7265
2.5691
3.0129
2.6103
2.8112
2.6391
2.4447
2.585
2.8754
2.7123
2.6836
2.6694
2.5315
2.507
2.6507
2.7035
2.6871
2.7888
2.7029
2.5711
2.715
2.6812
2.6977
2.5469
2.6046
2.5215
2.6525
2.5829
2.8408
2.5952
2.6278
2.5944
2.4875
2.5577
2.6856
2.6325
2.8534
2.7905
2.6568
2.6959
2.5223
2.505
2.6132
2.5827
2.8718
2.5777
2.5603
2.5454
2.6534
2.6175
2.6241
2.6149
2.7503
2.59
2.5998
3.1095
2.6524
2.6526
2.5964
2.8375
2.6744
2.8652
2.5124
2.5178
2.6515
2.6572
2.9052
2.6032
2.8368
2.7181
2.4831
2.5789
2.6369
2.7226
2.6141
2.9156
2.5735
2.5681
2.4811
2.5964
2.671
2.447
2.706
2.7384
2.5223
2.5285
2.5869
2.5871
2.6119
2.7738
2.7482
2.545
2.8073
2.5891
2.6378
2.8456
2.6679
2.7151
2.7519
2.6981
2.537
2.7573
2.6467
2.6615
2.5616
2.6681
2.7393
2.5214
2.546
2.5617
2.6299
2.6128
2.6656
2.5514
2.5912
2.6305
2.6399
2.6361
2.5704
2.5663
2.5759
2.683
2.6071
2.4762
2.7492
2.6861
2.5222
2.5201
2.5808
2.5237
2.6266
2.5286
2.5705
2.6776
2.517
2.6788
2.655
2.6723
2.5182
2.7839
2.6063
2.573
2.5865
2.6522
2.5272
2.5911
2.6409
2.6615
2.5377
2.531
2.6331
2.6346
2.7122
2.53
2.5791
2.5488
2.5752
2.5464
2.7159
2.5614
2.523
2.6499
2.6501
2.6343
2.5014
2.7259
2.6914
2.4652
2.7112
2.6011
2.4887
2.5868
2.5926
2.5532
2.6362
2.5675
2.4929
2.5131
2.5194
2.5253
2.7007
2.6218
2.5529
2.4999
2.8464
2.7812
2.6956
2.4409
2.4834
2.6437
2.6868
2.5975
2.7734
2.7363
2.561
2.6208
2.6864
2.6012
2.5746
2.57
2.5143
2.7192
2.6058
2.6601
2.5306
2.7604
2.5212
2.4653
2.8187
2.6509
2.633
2.5648
2.7346
2.7604
2.6564
2.5815
2.5823
2.5217
2.609
2.6381
2.7028
2.5251
2.7839
2.6842
2.5631
2.6014
2.5589
2.6572
2.5876
2.5455
2.6547
2.5452
2.584
2.6309
2.7316
2.6722
2.5523
2.653
2.6035
2.6258
2.5394
2.672
2.6727
2.5554
2.7665
2.602
2.6386
2.7171
2.4557
2.6051
2.5547
2.7897
2.5926
2.7737
2.474
2.5324
2.5242
2.4898
2.5281
2.5349
2.6142
2.6402
2.5766
2.6812
2.584
2.421
2.6044
2.6472
2.7421
2.5874
3.1376
2.7198
2.6482
2.6132
2.5195
2.7883
2.9496
2.6863
2.5454
2.8591
2.6472
2.6159
2.6592
2.6103
2.5046
2.5724
2.8403
2.8002
2.6106
2.653
2.5684
2.5657
2.474
2.6015
2.7392
2.6457
2.7409
2.5924
2.5826
2.6769
2.5676
2.7678
2.5674
2.6094
2.5552
2.6532
2.722
2.7904
2.8295
2.6865
2.5696
2.6554
2.7255
2.7268
2.5519
2.5831
2.5036
2.5937
2.6948
2.5262
2.6779
2.6348
2.9494
2.6853
2.4777
2.7493
2.7532
2.6327
2.6644
2.6878
2.5784
2.5518
2.5488
2.4805
2.5862
2.4491
2.5024
2.6651
2.5065
2.6735
2.5453
3.0185
2.5534
2.9885
2.551
2.5505
2.6895
2.6481
2.5986
2.6352
2.5917
2.511
2.6088
2.6072
2.6969
2.5442
2.5863
2.5796
2.598
2.7216
2.5877
2.5526
2.6564
2.659
2.5667
2.7714
2.9468
2.5412
2.4591
2.7693
2.687
2.7034
2.6579
2.5004
2.4851
2.7082
2.6505
2.5419
2.5688
2.6919
2.554
2.9236
2.6292
2.7055
2.6954
2.6065
2.5823
2.4714
2.5486
2.5849
2.7191
2.6081
2.746
2.7056
2.8046
2.6626
4.2927
3.2949
4.1789
2.6351
2.5281
3.6841
4.0164
3.2357
3.8916
3.1551
3.798
4.3221
4.0042
4.0153
3.7697
4.0909
3.6532
4.0102
3.5436
2.5984
3.865
3.8368
4.2781
4.3177
4.1744
4.1458
4.0286
3.628
4.1696
4.1783
3.5943
4.5596
4.2239
4.2518
4.2287
4.0893
4.2399
3.8743
4.1145
3.7977
4.2792
3.5771
4.1303
4.1232
3.8741
4.0066
4.125
3.8862
3.9591
4.1205
4.0729
4.3017
3.9612
4.2401
3.5135
4.2713
3.8079
3.9278
3.9552
3.7924
3.5229
3.5565
3.7464
3.7892
3.5071
4.0931
3.7282
3.4073
3.8258
3.8888
3.7755
3.6567
3.8292
3.4463
4.0329
3.7724
4.288
3.4572
3.8295
3.7595
4.2984
4.3844
4.0626
3.9593
3.7676
3.8173
3.803
4.0381
2.6119
3.4534
3.669
4.1714
4.0546
3.6876
3.9071
4.1191
3.8767
4.0414
3.7137
3.8406
4.1545
4.3339
2.9561
3.5332
3.4891
3.9311
4.158
2.7177
2.5831
2.8102
2.6331
2.7073
2.6686
2.5917
3.4657
2.558
2.5532
2.6999
2.5466
2.5833
2.7487
2.6228
2.6524
2.5759
2.589
2.5752
2.5229
2.7021
2.7297
2.5084
2.5797
2.614
2.756
2.7243
2.5105
2.7685
2.5539
2.6165
2.5795
2.7113
2.6865
2.7556
2.4669
2.5712
2.6267
2.704
2.5322
2.5537
2.6433
2.5554
2.612
2.4953
2.5243
2.7133
2.5078
2.5314
2.5872
2.5179
2.6335
2.6225
2.491
2.5966
2.4825
2.6291
2.4649
2.7664
2.5813
2.6107
2.4984
2.611
2.6124
2.4055
2.5764
2.7436
2.6317
2.708
2.614
2.5201
2.5188
2.5722
2.7059
2.6678
2.6444
2.5412
2.7196
2.5778
2.5786
2.5772
2.4773
2.6852
2.6307
2.7009
3.4889
2.5082
2.8579
2.6985
2.7972
2.5391
2.6585
2.6051
2.6767
2.4692
2.6986
2.6389
2.689
2.646
2.6478
2.626
2.4693
2.7639
2.7182
2.6032
2.6434
2.748
2.7171
2.666
2.5224
2.5797
2.6667
2.7309
2.7609
2.74
2.5309
2.67
2.7383
2.5327
2.8295
2.6158
2.6444
2.6426
2.635
2.6027
2.5322
2.5458
2.509
2.5241
2.8834
2.5971
2.7035
2.7192
2.8069
2.6944
2.4577
2.7372
2.8772
2.5594
2.5444
2.6945
2.6515
2.5984
2.5146
2.5274
2.5704
2.8623
2.611
2.5237
2.4738
2.7238
2.545
3.7019
2.6425
2.6044
2.7704
4.1995
4.6304
4.3153
4.3463
4.5982
3.8266
3.2776
2.5762
2.6931
2.5216
2.6289
2.7299
2.5282
2.6645
2.6511
2.8058
2.5443
2.7416
2.6187
2.6592
2.6074
2.5595
2.4393
2.6283
2.795
2.8014
2.7741
2.5895
2.4704
2.7346
2.6372
2.6678
2.7034
2.7119
2.4816
2.7125
2.5369
2.6204
2.4733
2.4369
2.5906
2.6385
2.7127
2.9085
2.9059
2.6114
2.6237
2.6662
2.5149
2.6077
2.5267
2.7951
2.6193
2.6911
2.6668
3.1001
2.4908
2.5967
2.5457
2.5821
2.6139
2.7895
2.5822
2.608
2.6302
2.5429
2.5492
2.5678
2.5131
2.6879
2.5907
2.6303
2.5322
2.602
2.5612
2.584
2.7062
2.491
2.6773
2.5829
2.4821
2.6753
2.5105
2.5762
2.6903
2.6697
2.6647
2.5948
2.6641
2.6059
2.5111
2.591
2.568
2.7577
2.9288
2.4468
2.835
2.6405
2.5168
2.7507
2.6246
2.6058
2.6872
2.6644
2.4945
2.5498
2.5539
2.6335
2.5511
2.5396
2.4898
2.4775
2.7651
2.5698
2.5761
2.4776
2.4132
2.5035
2.5492
2.5688
2.6059
2.6423
4.1939
4.3382
3.7373
3.432
3.6724
3.6948
4.2607
2.6583
2.5118
2.5846
2.6515
2.6117
3.356
4.1767
4.3662
4.2579
4.83
3.6316
4.5877
2.7422
2.5473
2.651
2.7555
2.6458
2.6575
2.6515
2.6972
2.534
2.6574
2.5464
2.7421
2.5407
2.6263
2.5614
2.6642
2.8743
2.7271
2.5684
2.7133
2.5234
2.4774
2.781
2.4977
2.7255
2.5785
2.8364
2.5965
2.659
2.4805
2.66
2.6263
2.5869
2.7986
2.6842
2.7046
2.9412
2.5425
5.0076
4.0042
3.9072
3.8112
3.5717
4.1622
3.7082
3.8832
3.7988
3.7449
3.7309
3.8416
4.1775
3.5504
3.6895
4.6563
4.0418
3.5742
3.8014
3.6685
3.4208
4.1122
3.5251
3.9205
4.1268
3.5491
4.4081
5.0987
6.0783
5.6107
6.1126
2.5568
2.5684
2.4041
2.4972
2.4808
2.5762
2.4833
2.499
2.5126
2.5121
2.7654
2.5475
2.5719
2.5809
2.5564
2.55
2.5375
2.6595
2.5971
2.5037
2.725
2.5464
2.5737
2.4538
2.6899
2.8127
2.6374
2.531
2.6642
2.5898
2.7829
2.6635
2.4873
2.4228
2.5202
2.5819
2.6591
2.5
2.5708
2.6036
2.5995
2.6118
2.4385
2.5101
2.5024
2.6759
2.5629
2.5502
2.5829
2.6831
2.595
2.5206
2.5995
4.0501
2.5713
2.5094
2.6805
2.5973
2.8698
2.5957
2.5563
2.8093
2.6764
2.5139
2.5835
2.6618
2.5379
2.7207
2.5665
2.6017
2.6251
2.5306
2.6218
2.631
2.654
2.5989
2.508
2.6004
2.6675
2.5695
2.6411
2.5723
2.6391
2.7482
2.5415
2.433
2.5312
2.7247
2.7297
2.6247
2.6111
2.5398
2.6223
2.5302
2.7245
2.5352
2.5729
2.508
2.4884
2.5387
2.6324
2.53
2.5369
2.6581
2.5315
2.4959
2.4997
2.5671
2.6574
2.6167
2.5797
2.6091
2.5098
2.5433
2.5137
2.4446
2.6131
2.5759
2.7195
2.5457
2.4971
2.7663
2.7701
2.5492
2.6587
2.5002
2.6836
2.5632
2.5238
2.4805
2.6534
2.4203
2.5175
2.5178
2.4837
2.6747
2.5657
2.5168
2.6067
2.6067
2.6692
2.5751
2.5971
2.5651
4.3663
4.1571
4.6106
5.6254
6.2764
5.86
5.3951
5.6526
5.9454
5.7786
5.6432
6.2464
6.1242
6.1086
6.384
5.8612
4.9586
5.8883
4.6962
4.4086
5.3169
4.79
5.299
4.8426
5.9699
5.7581
5.4636
5.1197
5.9399
5.7383
6.1911
4.2962
4.8556
5.5693
5.4415
5.5443
6.0703
6.2005
6.4778
5.5566
5.2097
6.0051
6.0069
6.1089
5.5124
5.7461
5.5892
5.376
5.7074
6.3261
5.3355
6.1993
5.9301
5.7958
6.308
6.2374
6.1714
5.3197
6.1818
6.1632
6.2051
5.7209
5.5734
6.3661
5.0445
5.7367
5.6427
6.2945
5.4081
5.7589
6.312
5.8161
6.1359
5.5244
4.9069
5.8499
6.4569
5.5788
5.9866
5.6776
6.3738
5.8851
6.2074
5.9454
5.7306
5.7663
6.0758
5.4323
6.3819
5.9184
5.4481
6.1948
6.5607
5.9328
5.069
6.3768
6.2029
5.6267
5.8175
6.7827
6.436
6.3278
6.7863
5.9045
6.0538
6.2618
6.4169
6.3095
7.3439
6.1416
6.2653
6.2167
6.5306
5.8492
6.8037
6.3137
6.3761
5.7442
6.0851
6.6067
6.5474
6.3149
6.2934
6.5164
6.2259
6.1034
6.2892
6.3327
6.4148
6.3695
6.6789
6.1352
6.1064
5.1179
6.4694
6.0521
5.842
6.9244
6.8354
5.9767
6.7209
6.0666
6.2183
5.8853
6.7306
6.7559
5.9612
6.0109
6.9428
6.0494
6.1032
6.4211
6.6945
6.3538
6.8485
5.8163
6.553
6.4764
6.0604
5.7245
6.6538
5.6802
6.4328
6.2322
5.9854
6.5261
6.6125
6.3657
5.8497
5.486
6.0999
6.7218
6.5798
5.5755
6.5076
6.0395
5.5616
6.0239
6.1129
5.5013
6.1828
5.9823
6.1892
6.1974
5.0624
5.5631
6.0726
6.0667
6.0723
5.7365
5.9604
5.9896
6.107
5.5814
6.2822
6.0861
5.7196
6.2282
5.3514
5.7994
5.9829
6.3091
5.5776
6.8657
6.1542
5.507
6.2527
5.9133
5.7307
5.4187
6.0392
6.7721
6.5485
6.3846
6.1516
5.2092
6.157
5.9573
6.6803
6.1352
6.0554
5.904
6.9089
6.287
6.1386
5.7017
5.8963
6.032
5.8987
5.2646
6.157
5.7267
5.9111
5.9161
6.2273
5.9873
6.5176
6.5273
5.7994
6.0725
6.2981
6.3327
5.3013
5.6034
5.0894
5.6805
5.8734
5.7813
5.9952
5.9631
5.578
5.8111
5.5709
5.3617
5.8934
5.9491
5.5909
6.2434
5.4362
6.0047
6.3516
6.2171
5.5513
5.5449
5.448
5.6593
5.5367
4.6013
4.7616
6.1855
5.4759
5.6406
5.6308
5.3919
4.9964
5.5626
5.4734
4.7691
5.2549
6.4943
5.1458
5.9321
6.4378
6.5035
6.0635
5.668
6.4102
4.938
5.7291
5.2512
5.8996
5.2009
5.3675
5.1584
5.7997
5.1048
5.1829
5.5567
5.7253
5.4411
5.857
5.662
6.0977
6.1089
5.7673
5.6082
5.6014
5.3476
5.568
5.2469
5.5395
4.8588
5.3768
5.3453
6.582
5.0025
6.1157
4.7195
6.2405
5.409
4.9507
4.8759
4.9802
4.8858
4.9435
5.2092
6.5896
6.7025
5.8082
6.2863
5.8818
5.6087
5.7029
5.9424
6.7778
7.2174
6.3483
6.2859
5.7952
6.2102
6.7446
6.4031
5.8529
5.5177
5.9538
6.0531
5.4752
5.2254
6.314
6.3802
6.6773
6.4396
6.9226
6.8249
5.4395
6.0344
6.4435
6.3619
6.7247
6.6626
7.0508
6.1323
6.9188
5.9253
6.3027
6.4442
6.708
6.1521
6.4195
5.8239
7.1559
6.5824
6.3398
6.7411
6.8089
6.3777
6.5399
6.7206
5.8889
5.5725
6.523
6.8877
5.4297
4.9675
6.6035
6.5106
6.387
6.8596
6.164
6.7638
6.5187
6.6114
6.3793
6.1401
6.5811
6.7122
6.5847
6.2401
6.3506
7.8222
5.8611
6.7005
6.5367
6.7245
7.317
6.1238
5.8602
5.8883
5.2234
5.883
8.1344
7.3894
5.5957
6.19
6.2524
5.7899
6.3951
6.2896
6.1435
6.328
5.4507
6.257
5.7565
6.3511
5.9375
5.1837
5.4544
6.0084
6.1181
7.7772
4.5984
6.2288
5.9113
6.5408
6.7073
5.0203
6.7258
6.0059
5.5853
5.5422
6.539
5.8342
5.3924
5.2855
5.977
5.8542
5.1324
6.458
5.0545
6.137
5.7531
6.1853
7.4386
7.7172
7.7882
6.6999
5.9902
6.1381
6.1174
5.8693
4.9427
5.5848
6.1059
5.5169
5.7609
4.7285
5.7446
5.353
5.7062
5.4826
6.451
5.9757
5.2701
5.7545
5.5164
4.3593
5.5296
5.304
6.1532
6.2315
5.9945
6.5801
6.2484
5.5127
5.6796
5.4056
5.702
5.6984
5.1277
6.2264
4.117
4.1458
4.2774
4.3743
4.8815
4.4002
4.2117
4.4768
4.5169
4.3333
4.4438
4.6293
4.3914
4.5251
4.1925
4.4877
4.3999
4.8885
4.2435
4.2847
4.7777
4.5056
4.439
4.1046
4.9659
4.6166
5.8071
5.5436
6.3909
6.3533
6.8004
6.446
5.9876
6.9852
6.1615
6.017
6.567
6.1673
6.0615
6.606
6.1664
6.1414
4.8708
6.7066
6.3278
6.0599
4.4309
4.9026
5.9715
6.7147
6.1227
6.0248
6.7136
6.4403
5.0153
5.073
5.8899
6.7065
5.9399
5.952
6.6469
6.0923
6.3464
6.8232
6.4759
6.8324
6.8136
7.1251
6.0796
6.8638
6.8709
6.4108
6.4766
6.477
6.5978
4.849
5.0266
5.1707
4.5956
5.2346
6.1048
6.2393
4.789
6.5291
5.451
4.6439
6.351
5.001
6.5202
6.7703
6.8643
6.0998
6.5511
6.2699
6.4889
6.9529
6.4654
5.2526
6.9684
7.762
7.6257
6.5308
5.7788
7.9574
5.2118
6.7674
6.8479
7.028
7.4199
6.3413
6.4892
6.8288
7.0121
6.931
6.7076
6.8424
6.3801
6.4382
5.9954
6.3824
7.5194
6.5552
7.4207
6.98
7.4153
6.0875
6.8629
6.0304
7.0015
6.566
6.6291
6.7705
6.8756
7.3673
7.0685
7.082
6.5903
6.4777
6.775
6.3429
6.1087
5.6236
5.06
6.6731
6.1696
5.7277
6.6606
7.2833
6.7998
6.2563
6.6087
6.0766
5.5019
6.8761
6.6378
4.5837
5.0029
5.3912
6.1259
5.6195
5.9881
4.0456
4.195
4.9225
5.1874
4.8538
5.3845
5.9146
4.9258
4.4904
5.6953
4.809
4.8018
4.5946
4.3182
5.3546
4.9492
5.2734
4.898
4.7389
5.0231
4.0543
5.1148
4.8068
3.9252
4.0656
5.033
3.8721
3.9703
3.5994
3.9428
4.3072
4.128
4.876
3.2827
4.5521
4.3106
4.6158
4.138
4.5303
4.5574
4.5943
4.55
3.8638
4.5146
4.5734
4.3565
4.8279
4.2206
4.3315
4.2429
5.0578
4.1759
4.4043
4.6949
4.0005
4.1316
4.1465
4.5635
4.6791
4.3364
4.7023
4.6799
4.8506
4.2969
3.756
4.5101
4.1744
4.5982
4.2659
3.7536
2.5567
2.7921
3.7766
4.1049
4.6346
4.8227
4.365
4.379
4.3153
4.6852
4.2969
4.5954
4.0864
3.5483
3.9675
4.0713
4.5492
3.981
3.8137
4.0382
4.1514
4.39
4.4051
3.685
4.1885
3.9738
4.3971
4.7115
5.1969
4.1694
4.3184
4.0832
4.3536
4.1816
4.236
3.7284
3.6504
4.1052
4.1788
3.9499
4.0222
5.1242
4.3479
3.9872
4.1752
4.4021
4.6425
5.0238
4.0126
4.7109
4.3859
3.8764
4.7593
4.3822
4.1133
4.2214
4.5681
3.9482
4.1225
3.6984
3.9531
4.1023
4.4518
3.8777
3.9999
4.3802
2.7097
3.8676
4.1446
4.3132
3.851
4.4146
4.1844
3.8705
4.3129
3.7867
4.1408
4.2821
4.0676
3.7786
3.378
4.1602
4.0253
2.598
2.6055
2.6459
3.5721
4.5375
3.7734
4.089
4.3646
2.6447
4.4086
3.6839
2.6994
2.6751
4.0958
4.1352
4.2674
3.7142
4.1218
3.9656
3.9853
4.348
4.6944
4.5487
4.2651
4.2115
4.5016
4.6193
3.9165
4.1138
3.9857
4.6395
4.4626
4.0385
3.7963
4.151
3.899
3.893
3.7376
4.2004
4.0393
4.232
4.0709
4.2215
4.5677
4.3162
4.0953
4.5069
3.7887
4.1663
3.9778
4.0068
3.7283
4.0073
4.1134
4.3366
4.0853
3.96
4.3825
4.564
4.4273
3.9793
4.1876
4.0398
4.395
4.3049
4.2888
4.1701
3.9181
4.1165
4.4558
4.4422
4.2663
4.4363
4.2868
4.2279
4.3444
4.4737
4.4591
4.3589
4.5051
4.224
4.2852
4.5312
4.0113
4.5123
4.2015
4.6609
4.6733
3.7728
4.1324
4.2406
4.594
4.335
4.6633
3.9686
4.3545
4.292
4.0982
4.3856
3.9365
3.8998
3.9379
4.2031
4.1997
4.1888
3.6118
4.3838
3.7704
4.2437
4.1906
3.9098
3.9153
4.4313
3.6644
4.3086
3.7651
4.2449
3.6229
4.5693
3.8648
4.2005
4.2482
4.3211
4.1042
3.8587
3.7297
3.7787
3.7032
3.328
2.59
2.5869
3.6676
4.1381
4.099
3.6345
3.6492
2.5947
4.5653
3.4742
4.1749
4.3768
4.3859
4.1281
3.794
4.0842
3.9309
4.0507
4.4137
3.7347
4.0051
4.3387
4.0652
4.0535
4.1021
4.4832
4.0716
2.9106
2.617
3.9049
3.9057
3.8957
4.319
3.6572
4.7416
4.4604
4.2504
4.2905
3.8344
4.4074
4.0414
5.1376
3.8172
4.1798
4.2244
5.6138
4.6933
3.7754
4.2062
4.3269
3.7094
4.0056
4.9096
5.6879
5.9314
5.2664
6.1589
5.0993
4.6418
3.6304
3.8078
5.1787
3.9413
3.2902
2.659
2.6174
2.5283
4.1274
5.6506
4.7397
4.9269
5.2034
4.208
5.0055
4.1795
3.9131
3.8327
3.9992
5.1869
6.917
4.2043
4.2542
3.9517
4.1557
3.8705
3.9166
4.3616
3.9956
4.2471
4.1524
3.9499
4.1027
4.6306
3.9933
4.7316
4.2279
3.8876
4.0898
4.2977
3.8933
4.0975
3.8877
4.097
3.9759
4.591
4.5706
2.6023
4.5465
4.776
3.6148
4.0627
4.5067
4.2799
4.2276
4.4107
4.9332
4.5506
4.0181
4.3855
4.2486
4.3252
4.2584
4.3027
4.6199
4.5613
4.8848
4.31
4.7124
3.9884
4.618
4.108
4.2871
4.4242
4.5377
4.1501
4.5196
4.3137
4.1321
3.8676
5.0669
4.1752
3.9915
3.9374
3.9404
3.7015
4.0338
4.2942
4.0334
4.1214
4.8521
4.1192
4.333
3.9901
3.8312
4.2784
3.8845
4.7956
4.083
4.2079
3.9641
3.8099
4.514
4.7272
4.184
4.7451
4.6046
3.924
4.3565
4.078
4.6374
3.9653
4.2363
4.2934
4.723
3.9314
4.7008
3.9607
4.4575
4.0402
3.752
4.1689
4.3514
4.5661
4.4244
4.2247
4.3421
4.0203
4.3386
4.1469
4.2505
4.1324
4.4775
5.1016
4.472
4.1141
4.175
3.9473
4.3039
4.0394
4.2846
4.5688
4.4397
4.0752
4.3133
4.9423
4.9007
5.2427
4.0344
4.1057
4.1813
4.4262
4.3565
4.0124
3.5644
4.1605
3.7354
3.9441
3.997
4.2556
4.0457
4.3566
3.6373
3.5939
4.0735
3.9438
4.1504
4.5281
4.0576
3.7451
4.4324
2.5146
4.0806
4.067
4.4517
4.0149
3.935
3.9874
4.0792
4.4912
4.4454
4.015
4.7155
4.0222
4.1882
3.9723
4.1901
4.3494
4.1137
3.8437
4.3851
4.0675
4.1176
4.1141
3.787
4.2441
4.2352
4.7139
4.0922
4.3104
3.7449
4.5156
4.1006
4.9113
4.3745
4.1079
4.2284
4.08
4.0073
4.4074
3.8974
3.8235
4.0229
2.5367
2.5356
2.5549
4.2121
4.0911
4.1238
3.7051
4.0223
4.4009
4.331
4.2416
4.0393
4.0706
3.6159
2.5023
2.4752
3.5598
4.0518
4.3681
3.8127
4.6531
4.1119
3.7857
2.4948
2.5595
2.6092
2.6218
2.4883
2.6492
2.5219
2.6833
2.5933
2.7715
2.5997
2.4845
2.5115
2.4828
2.7332
2.6313
2.4945
2.6425
2.6186
2.4528
2.6113
2.5631
2.7549
2.6214
2.3808
2.5368
2.5548
2.5246
2.5504
2.4996
2.8545
2.6616
2.7257
2.6027
2.6043
2.7789
2.6277
2.7342
2.5631
2.6445
2.6383
2.5865
2.669
2.613
2.7604
2.6005
2.5219
2.6609
2.6486
2.7064
2.6321
2.8069
2.7689
2.6368
2.5825
2.5233
2.5654
2.4204
2.4866
2.5262
2.5424
2.5346
2.5961
2.6339
2.6081
2.6877
2.5945
2.6126
2.5239
2.502
2.6535
2.4694
2.6654
2.6385
2.5709
2.6683
2.6065
2.6323
2.5663
2.5819
4.1026
2.4717
2.6202
2.537
2.5036
2.502
2.6813
2.4767
2.4613
2.4827
2.566
2.6912
2.5158
2.531
2.6334
2.5696
2.6728
2.5438
2.5007
2.4983
2.6928
2.5919
2.6569
2.6271
2.6946
2.5718
2.5544
2.5899
2.5837
2.6186
2.6373
2.8131
2.5881
2.5221
2.7409
2.6893
2.6063
2.6128
2.6193
2.6083
2.547
2.4239
2.5453
2.618
2.6333
2.734
2.5044
2.5795
2.8691
2.6615
2.809
2.5748
2.7431
2.5054
2.5643
2.8131
2.7514
2.5474
2.6783
2.4866
2.4756
2.6
2.6463
2.5529
2.6621
2.5813
2.5095
2.695
2.569
2.5828
2.5913
2.5916
2.5359
2.4871
2.6445
2.6422
2.55
2.5426
2.5282
2.569
2.5812
2.7151
2.6343
2.633
2.542
2.5482
2.4955
2.6587
2.692
2.6164
2.5512
2.5052
2.7213
2.5371
2.6006
2.6477
2.7937
2.6211
2.5821
2.5042
2.6035
2.8189
2.6947
2.6192
2.5722
2.4457
2.7922
2.5405
2.5368
2.4571
2.5385
2.5847
2.6613
2.5026
2.5311
2.581
2.5694
2.5398
2.6485
2.4917
2.725
2.4712
2.5657
2.5757
2.6346
2.5323
2.6645
2.5306
2.5056
2.6189
2.5829
2.45
2.5277
2.5629
2.6104
2.6313
2.6804
2.6162
2.6306
2.5845
2.6612
2.5451
2.6939
2.5228
2.4744
2.5627
2.4941
2.7026
2.432
2.588
2.6679
2.7435
2.5077
2.6208
2.6077
2.5051
2.4909
2.5223
2.6851
2.8572
2.5478
2.5472
2.533
2.4931
2.6955
2.4963
2.6481
2.4928
2.5504
2.7728
2.6338
2.6676
2.5145
2.6082
2.6157
2.5275
2.5979
2.7079
2.5279
2.5956
2.7028
2.7862
